20 50
1 3 17
1 15 83
1 11 23
1 13 97
1 10 41
2 18 73
2 20 28
2 4 24
2 5 63
2 15 25
2 19 80
2 7 45
2 8 50
3 14 88
3 19 90
3 15 23
3 4 67
3 9 12
4 7 16
4 16 65
5 6 29
5 17 23
6 14 94
6 11 39
6 10 34
6 17 11
7 9 2
7 17 76
7 19 52
8 18 88
8 19 34
9 16 28
9 19 36
10 15 53
11 16 75
11 13 63
11 14 65
12 13 11
12 18 96
13 20 45
13 18 54
14 15 75
14 17 52
15 20 61
15 18 59
16 19 92
16 20 53
17 18 55
17 20 56
18 20 2
100
2 4 15 20 18 7 9 3 8 5 1 16 13 10 19 12 17 11 6 14
8 19 2 9 7 4 15 20 18 3 16 1 5 11 13 10 12 17 6 14
15 3 2 9 7 1 4 10 20 18 11 16 19 8 14 6 5 13 17 12
1 3 11 9 7 15 10 4 16 6 2 19 17 13 14 5 20 18 12 8
10 6 1 17 15 3 5 11 9 7 2 4 14 16 18 20 19 13 8 12
5 17 6 2 10 11 14 18 20 4 15 1 7 9 3 8 13 16 12 19
19 8 9 7 3 4 16 1 15 2 11 10 20 18 17 6 14 5 13 12
19 8 9 7 3 4 16 1 15 2 11 10 20 18 17 6 14 5 13 12
3 9 7 1 15 4 11 16 2 19 10 20 18 6 8 14 17 13 5 12
5 17 6 2 10 11 14 18 20 4 15 1 7 9 3 8 13 16 12 19
6 17 5 10 11 1 14 18 20 3 7 15 9 2 13 4 12 16 19 8
6 17 5 10 11 1 14 18 20 3 7 15 9 2 13 4 12 16 19 8
2 4 15 20 18 7 9 3 8 5 1 16 13 10 19 12 17 11 6 14
8 19 2 9 7 4 15 20 18 3 16 1 5 11 13 10 12 17 6 14
2 4 15 20 18 7 9 3 8 5 1 16 13 10 19 12 17 11 6 14
12 13 20 18 11 2 1 4 15 16 17 6 3 7 9 8 5 10 14 19
16 9 7 3 4 20 18 1 15 19 2 11 8 10 13 17 12 6 14 5
3 9 7 1 15 4 11 16 2 19 10 20 18 6 8 14 17 13 5 12
8 19 2 9 7 4 15 20 18 3 16 1 5 11 13 10 12 17 6 14
17 6 5 10 11 14 18 20 1 7 9 2 3 4 15 13 16 12 19 8
13 3 20 5 16 6 10 9 7 17 11 4 15 12 19 8 17 14 1 18
20 6 9 10 15 12 16 4 19 2 17 14 18 3 7 8 11 2 5 1
13 15 2 9 8 6 5 1 14 10 4 17 19 3 12 16 18 11 7 20
15 2 6 12 8 7 10 17 19 13 18 4 14 20 9 16 3 5 1 11
10 13 9 6 11 20 14 2 4 7 17 18 12 15 16 1 19 8 13 3
13 11 17 14 5 12 19 3 6 7 1 4 16 15 8 9 5 20 10 2
9 19 4 1 6 18 3 2 10 14 8 12 16 13 7 15 20 5 11 18
6 9 7 15 4 17 11 19 5 14 10 8 3 1 2 12 17 16 20 13
20 18 1 7 18 3 16 13 4 2 8 11 19 12 15 9 5 10 14 6
4 8 18 1 2 13 7 11 17 12 16 5 19 14 6 9 10 3 15 17
1 11 13 20 18 17 20 16 15 5 7 2 8 4 6 14 12 19 3 10
8 16 18 3 10 9 7 15 2 17 5 9 4 1 19 11 13 6 12 20
10 18 19 13 11 12 14 17 6 20 5 4 1 14 8 7 2 16 15 9
19 9 5 11 12 3 18 15 16 2 20 14 8 1 6 7 4 3 13 17
11 7 14 18 5 6 19 10 10 4 15 2 20 12 9 1 8 13 17 16
10 15 1 8 16 19 5 11 14 7 6 9 4 17 3 2 13 18 12 20
15 8 10 2 3 18 14 1 19 9 3 17 16 6 11 7 5 12 20 4
6 15 9 10 2 11 3 19 14 17 20 13 13 1 5 18 7 12 4 8
4 5 16 12 7 18 10 20 15 3 6 13 9 14 8 2 17 19 11 1
19 11 16 12 2 20 17 5 18 3 8 10 6 16 13 9 15 4 1 7
