100 300
1 64 30
1 46 31
1 49 79
1 3 5
1 31 93
1 14 16
2 74 54
2 83 95
2 50 73
2 20 96
2 12 53
2 44 33
2 15 37
2 76 1
3 20 95
3 51 53
3 48 12
3 25 50
3 46 23
3 17 3
3 62 6
4 32 92
4 56 48
4 75 52
4 83 81
4 16 47
5 29 7
5 91 50
5 90 61
5 49 64
5 60 37
5 78 37
5 30 81
6 31 30
6 40 37
6 34 33
6 79 28
6 9 24
6 78 74
7 46 25
7 59 46
7 94 61
7 9 7
8 44 2
8 13 14
8 46 44
8 78 23
8 12 9
8 76 58
8 89 39
9 75 5
9 95 72
10 33 67
10 84 12
10 45 70
10 95 43
10 31 22
10 39 93
10 94 68
10 38 3
10 15 10
10 43 97
11 30 72
11 52 50
11 69 83
11 96 72
11 34 60
12 92 54
12 77 97
12 78 34
12 85 64
12 65 45
12 47 84
12 34 58
13 40 6
13 29 46
13 17 32
13 90 44
14 67 60
14 95 10
14 34 62
14 94 49
14 73 21
14 28 3
15 36 84
15 54 44
15 39 65
15 20 1
16 21 79
16 80 18
16 25 75
16 70 83
17 61 53
17 66 57
17 89 99
17 43 25
17 87 70
17 41 18
17 32 93
17 49 70
17 90 1
17 29 27
17 99 10
18 79 65
18 57 76
19 83 14
19 20 32
19 75 96
20 24 17
20 41 19
20 43 95
20 28 3
21 98 26
21 83 81
21 74 49
21 96 54
21 87 56
22 32 41
22 47 67
22 54 38
22 46 3
22 58 60
23 92 13
23 83 10
23 78 9
23 84 8
23 100 71
24 62 23
24 73 42
24 70 20
24 63 44
24 85 87
24 60 37
24 29 37
25 53 5
25 94 19
25 73 64
25 74 52
25 70 11
26 70 93
26 30 40
26 93 35
26 51 10
26 97 51
26 72 62
26 87 56
27 78 28
27 35 95
27 37 49
27 99 15
27 30 58
27 88 16
27 82 12
28 47 58
28 94 9
28 81 61
28 58 32
28 56 74
28 96 68
29 73 17
29 80 69
29 61 14
29 75 66
29 55 30
29 45 71
29 57 20
30 81 14
30 33 59
30 100 92
30 38 51
30 72 8
31 51 98
31 94 12
32 96 68
32 51 55
32 79 71
33 46 63
33 69 70
33 34 63
33 41 8
34 83 17
35 83 86
35 97 47
35 88 26
35 44 45
35 71 74
35 37 84
36 44 8
36 84 9
36 62 20
37 81 12
37 53 98
37 65 80
37 96 96
37 57 40
38 84 13
38 45 100
38 95 43
38 40 83
39 60 3
39 83 78
39 100 50
39 51 21
40 81 50
40 93 1
40 59 33
40 54 38
41 65 17
41 57 5
42 47 25
44 77 43
44 70 73
45 62 18
45 90 17
45 67 2
46 68 37
46 54 97
47 94 77
47 72 98
47 74 70
48 56 39
48 58 87
48 91 44
48 92 55
49 76 100
49 56 65
50 51 54
50 89 80
50 56 45
51 71 53
51 59 11
51 66 56
51 83 71
51 63 64
52 71 80
52 66 75
52 59 99
52 65 77
54 69 12
54 59 52
54 76 89
54 91 87
54 58 11
55 90 71
55 60 42
56 75 41
58 59 94
58 69 56
58 94 89
58 80 59
59 66 72
59 80 56
59 97 92
61 81 13
61 70 57
62 63 6
62 78 43
62 91 35
62 68 12
63 67 94
63 96 52
64 99 41
64 72 63
64 88 75
65 72 46
65 89 23
66 78 95
66 80 61
66 71 36
66 99 47
67 77 27
67 88 75
67 94 13
68 74 2
69 82 35
69 86 10
70 73 22
71 100 65
71 93 44
72 92 51
73 86 77
73 91 13
74 76 79
74 82 44
74 100 36
75 94 43
77 89 25
78 98 90
78 86 20
78 94 78
79 92 26
80 95 15
80 93 87
81 98 40
81 95 13
81 83 8
82 87 11
85 91 27
88 89 42
94 99 77
100
42 47 28 14 20 15 22 94 46 74 95 10 68 38 1 24 31 41 67 3 45 73 12 62 81 84 17 57 25 80 90 33 58 63 53 23 83 8 19 36 48 7 44 91 99 37 61 65 70 30 72 2 29 76 54 78 9 16 92 5 100 13 64 75 77 32 6 34 27 43 40 69 82 93 60 39 21 89 86 85 98 87 88 96 55 79 56 51 26 35 59 66 4 49 71 18 11 50 52 97
68 74 62 3 63 17 90 1 45 48 99 36 67 24 46 100 14 41 22 44 84 8 28 57 20 94 15 27 43 82 33 91 29 23 95 12 21 10 13 64 25 38 5 70 78 2 65 31 76 87 40 53 77 83 73 93 7 61 81 88 92 80 9 56 96 51 47 60 19 37 58 75 85 39 86 30 34 98 54 55 66 89 26 32 69 16 59 72 35 6 79 49 42 71 50 4 18 97 52 11
35 88 27 44 8 97 36 82 12 99 13 84 87 17 40 89 90 93 3 23 78 62 10 71 1 38 2 63 76 83 48 92 15 37 20 41 45 68 67 74 28 77 81 69 57 86 14 46 65 43 33 19 22 29 24 31 34 94 26 64 30 59 5 54 61 95 6 66 51 72 91 79 73 58 7 25 70 80 85 21 53 56 9 100 55 75 98 39 96 60 16 32 49 47 50 52 11 4 42 18
1 3 17 90 62 14 48 63 99 28 20 15 68 74 41 45 95 46 67 94 64 22 36 57 10 27 43 24 33 29 38 73 44 81 13 31 84 8 80 5 65 82 40 91 25 83 93 23 61 88 12 37 58 53 7 30 19 70 78 77 56 87 51 16 2 9 72 76 92 100 54 34 55 66 75 89 26 59 96 6 60 32 85 21 39 69 86 35 47 49 98 79 71 50 42 4 18 97 52 11
70 25 53 24 73 94 91 20 15 28 29 14 31 62 67 45 5 10 3 63 38 17 95 61 90 1 68 41 60 74 57 39 84 48 85 99 36 33 81 80 23 19 55 77 44 58 6 46 8 65 75 83 2 22 76 27 37 43 78 9 30 51 92 12 54 16 13 64 7 72 82 34 40 26 93 59 88 100 69 89 47 86 56 79 87 96 98 21 66 49 32 35 42 4 71 18 50 97 11 52
25 53 70 94 28 14 20 24 31 15 67 73 45 95 10 38 91 1 3 29 41 90 17 62 74 68 81 84 57 80 5 33 63 77 58 6 23 48 75 83 99 19 36 61 37 9 65 30 60 2 76 39 44 54 78 8 46 85 7 16 92 22 72 27 43 64 34 55 12 69 13 89 47 100 79 82 40 86 93 51 88 98 96 87 21 56 26 59 66 42 4 35 32 49 18 71 11 50 52 97
79 92 6 23 84 78 83 9 36 75 81 31 7 10 38 34 19 44 18 40 8 93 86 15 37 20 61 94 95 13 30 32 28 12 14 27 62 72 69 48 3 63 67 29 46 5 17 45 80 90 1 22 24 68 82 25 41 54 74 99 88 53 57 2 33 73 98 56 59 76 87 70 26 58 16 89 65 77 4 35 51 43 71 91 100 55 64 11 60 21 39 47 96 85 66 50 49 97 42 52
59 51 26 39 40 93 60 13 7 54 8 9 44 80 75 30 12 36 58 3 69 71 50 32 17 66 90 1 72 6 62 46 95 5 24 84 97 16 22 86 63 81 48 78 55 87 99 29 23 14 68 83 100 10 28 74 38 41 45 20 37 67 2 15 61 82 76 57 27 43 70 89 33 92 94 19 73 77 79 34 52 56 64 31 35 65 25 91 53 88 4 98 85 96 11 21 49 47 18 42
63 62 3 17 90 1 68 74 45 48 99 36 67 24 14 41 44 46 84 8 28 22 57 20 94 15 27 43 33 91 29 23 95 12 10 13 64 38 5 70 78 65 31 82 96 40 77 83 73 93 61 81 88 92 100 25 80 7 53 56 87 51 60 2 9 19 37 58 76 85 21 39 86 30 34 55 66 75 89 26 59 16 54 72 32 35 69 6 79 49 47 98 71 50 4 18 42 11 97 52
65 41 57 89 33 17 20 90 15 3 28 14 29 1 62 12 99 72 10 77 94 5 38 48 63 95 24 45 8 30 67 44 61 68 74 73 84 27 31 43 46 37 22 36 81 88 13 23 25 80 19 58 53 55 82 91 40 64 70 83 2 93 76 78 52 92 54 87 16 7 60 34 39 56 6 35 51 75 66 9 69 26 100 86 47 18 85 59 96 50 32 49 98 79 21 71 42 11 4 97
6 9 79 75 31 7 34 40 93 94 13 83 28 10 14 20 92 15 38 67 46 8 45 81 22 44 23 25 19 84 95 12 53 36 78 1 37 56 59 24 61 30 70 26 41 90 3 17 54 62 73 57 80 72 4 33 51 63 71 77 58 29 99 48 68 69 91 74 86 65 2 5 11 18 76 89 16 27 98 32 43 64 39 35 60 47 82 88 50 55 85 66 96 87 21 97 100 42 49 52
46 22 3 7 17 90 1 62 9 48 63 99 68 75 74 54 8 14 32 41 45 44 67 28 36 57 20 15 27 43 24 33 58 12 29 69 95 6 94 13 64 84 5 10 65 82 86 38 40 91 73 93 23 61 78 81 88 31 80 47 59 70 25 77 56 87 83 100 51 53 2 37 92 76 30 19 55 66 89 79 26 16 96 21 4 34 60 72 35 85 39 42 49 98 71 50 18 11 97 52
82 87 27 99 88 69 17 90 3 78 74 1 86 62 68 54 23 48 63 35 41 45 67 84 58 83 57 14 37 43 92 8 33 46 28 29 44 22 36 20 21 26 81 15 64 10 13 24 30 38 89 94 5 95 12 65 19 66 40 34 93 51 61 72 100 73 91 31 77 80 7 59 79 25 70 56 98 53 55 9 2 39 76 75 60 97 16 96 32 49 85 6 71 47 11 50 18 4 42 52
28 14 20 15 94 95 10 38 1 24 31 41 67 3 45 73 81 84 17 57 25 80 90 33 62 58 53 23 83 19 36 48 63 91 99 37 61 65 70 30 2 29 68 76 44 54 78 74 8 16 46 92 5 72 64 77 22 6 34 27 43 75 12 69 9 60 47 13 39 89 86 7 82 85 40 93 98 88 96 55 79 56 87 51 26 100 42 59 66 35 32 21 4 49 18 71 11 50 52 97
62 3 63 17 90 1 68 74 45 48 99 36 67 24 14 41 44 46 84 8 28 22 57 20 94 15 27 43 33 91 29 23 95 12 10 13 64 38 5 70 78 65 31 82 40 77 83 73 93 61 81 88 92 100 25 80 7 53 56 87 96 51 60 2 9 19 37 58 76 85 21 39 86 30 34 55 66 75 89 26 16 54 59 72 32 35 69 6 79 49 47 98 71 50 4 18 42 97 52 11
92 23 84 78 83 79 36 81 10 38 19 44 8 34 86 15 37 20 61 95 30 28 12 14 27 62 72 69 6 13 31 48 3 63 94 29 5 17 80 40 90 1 24 93 68 82 41 54 74 99 88 45 57 67 2 33 73 98 76 87 25 58 16 9 46 89 53 65 70 77 22 35 75 43 91 100 7 26 55 18 64 59 51 56 60 21 32 39 11 4 47 71 96 85 66 49 42 97 50 52
96 63 21 62 3 17 28 32 90 1 68 14 20 11 15 74 45 48 94 99 36 67 98 24 95 10 38 41 44 46 84 8 31 22 57 27 43 73 33 91 29 81 23 25 37 80 12 13 64 58 5 53 70 78 65 83 19 82 40 77 93 61 30 88 92 100 2 76 87 54 7 16 56 51 72 60 6 9 34 75 85 39 86 52 69 55 66 89 26 47 59 35 79 49 71 42 4 50 18 97
43 17 90 3 1 62 99 48 63 41 45 67 68 57 74 14 27 33 46 28 29 22 36 20 15 13 24 94 5 95 65 44 82 40 64 84 8 93 10 61 88 38 73 91 31 23 77 81 12 87 80 7 25 70 78 56 83 51 53 55 66 9 89 37 58 92 100 30 19 75 26 16 35 54 59 96 2 60 72 76 32 49 85 21 34 39 69 86 6 71 47 79 98 18 50 4 42 52 97 11
28 14 20 15 94 95 10 38 1 24 31 41 67 3 45 73 81 84 17 57 25 80 90 33 62 58 53 23 83 19 36 48 63 91 99 37 61 65 70 30 2 29 68 76 44 54 78 74 8 16 46 92 5 72 64 77 22 6 34 27 43 75 12 69 9 60 47 13 39 89 86 7 82 85 40 93 98 88 96 55 79 56 87 51 26 100 42 59 66 35 32 21 4 49 18 71 11 50 52 97
37 81 83 61 95 30 23 19 72 14 34 28 84 29 78 57 80 20 15 92 41 5 36 94 27 10 1 38 98 33 44 3 73 8 16 24 17 31 86 67 90 82 40 45 62 65 93 99 88 12 25 26 13 48 63 55 69 79 91 6 58 53 87 68 51 74 70 21 2 46 76 54 64 22 60 35 43 89 39 59 77 75 9 47 85 96 11 4 7 66 100 56 71 49 18 97 42 32 50 52
92 23 84 78 83 79 36 81 10 38 19 44 8 34 86 15 37 20 61 95 30 28 12 14 27 62 72 69 6 13 31 48 3 63 94 29 5 17 80 40 90 1 24 93 68 82 41 54 74 99 88 45 57 67 2 33 73 98 76 87 25 58 16 9 46 89 53 65 70 77 22 35 75 43 91 100 7 26 55 18 64 59 51 56 60 21 32 39 11 4 47 71 96 85 66 49 42 97 50 52
5 29 61 73 57 41 17 81 90 3 55 60 78 91 33 39 1 83 62 24 99 14 23 37 70 95 28 30 48 63 65 20 15 45 13 67 84 68 19 72 25 74 86 94 27 34 40 43 92 8 46 93 51 10 44 53 80 22 36 49 85 38 69 12 31 26 82 59 64 89 75 98 88 9 54 16 58 77 87 7 79 56 2 76 100 66 6 21 35 96 18 32 71 47 50 11 97 4 52 42
3 17 90 1 62 48 63 99 68 74 14 41 45 46 67 28 22 36 57 20 15 27 43 24 33 29 95 94 44 13 64 84 8 5 10 65 82 38 40 91 73 93 23 61 81 88 12 31 80 7 70 78 25 77 56 87 83 51 9 53 37 58 92 100 30 19 55 66 75 89 26 16 54 59 96 2 60 72 76 32 85 21 34 39 86 35 49 6 69 47 79 98 71 50 4 18 42 97 52 11
54 58 69 86 22 40 93 46 78 28 13 15 20 14 82 23 59 94 10 95 38 8 87 27 84 44 83 1 24 51 3 31 41 92 67 7 12 17 45 73 36 90 57 81 62 80 25 33 9 26 99 6 19 88 48 53 63 34 68 75 5 32 74 91 2 37 65 61 70 76 30 71 29 39 60 16 79 72 43 64 77 11 89 35 47 85 98 96 21 55 56 100 50 66 97 42 4 49 18 52
93 40 13 8 44 12 36 59 26 6 17 54 84 90 3 71 78 51 1 23 62 99 58 69 81 10 29 38 48 63 2 41 45 76 83 67 5 68 89 86 92 9 15 57 74 14 20 37 27 43 61 95 30 33 46 28 39 77 79 75 22 31 35 7 60 73 24 34 19 94 72 65 82 64 80 66 88 55 91 97 87 25 70 98 56 85 53 16 100 50 32 96 49 21 47 4 52 11 18 42
83 81 23 19 34 84 78 37 61 95 30 92 36 10 72 14 38 28 29 44 80 8 20 15 86 5 94 12 1 27 62 98 69 79 6 13 3 31 73 63 16 24 17 57 41 67 90 40 45 93 68 82 54 74 25 26 99 88 33 48 55 91 58 53 2 76 87 51 65 70 9 21 46 89 11 64 22 39 77 60 75 35 43 4 7 100 59 47 85 66 71 96 56 49 97 18 42 32 50 52
22 46 3 7 17 90 1 62 9 48 54 63 99 68 75 32 74 8 14 41 45 44 58 67 28 69 36 57 20 15 27 43 24 33 12 29 95 6 94 86 13 64 84 5 10 65 82 38 40 47 91 73 93 23 61 78 81 88 31 80 59 70 25 77 56 87 83 100 51 53 2 37 92 76 30 19 55 66 89 79 26 16 96 21 4 34 42 60 72 35 85 39 49 98 71 50 18 11 97 52
17 90 3 1 62 99 48 63 41 45 67 68 57 74 14 27 43 33 46 28 29 22 36 20 15 13 24 94 5 95 65 44 82 40 64 84 8 93 10 61 88 38 73 91 31 23 77 81 12 87 80 7 25 70 78 56 83 51 53 55 66 9 89 37 58 92 100 30 19 75 26 16 35 54 59 96 2 60 72 76 32 49 85 21 34 39 69 86 6 71 47 79 98 18 50 4 42 52 97 11
19 83 81 23 34 20 84 15 78 37 28 61 95 30 92 14 36 10 72 94 38 24 29 44 80 8 41 86 1 5 31 57 67 3 33 45 73 12 27 62 17 98 25 69 79 90 6 13 58 63 16 53 65 70 2 40 48 76 91 93 99 68 82 54 74 26 88 55 46 64 77 87 22 51 60 43 75 9 21 39 89 11 47 35 4 7 100 59 85 96 56 66 71 42 49 32 97 18 50 52
96 63 21 62 3 17 28 32 90 1 68 14 20 11 15 74 45 48 94 99 36 67 98 24 95 10 38 41 44 46 84 8 31 22 57 27 43 73 33 91 29 81 23 25 37 80 12 13 64 58 5 53 70 78 65 83 19 82 40 77 93 61 30 88 92 100 2 76 87 54 7 16 56 51 72 60 6 9 34 75 85 39 86 52 69 55 66 89 26 47 59 35 79 49 71 42 4 50 18 97
48 3 17 90 1 62 63 99 68 74 14 41 45 46 67 28 22 36 57 20 56 15 27 43 24 33 29 95 91 94 44 13 64 84 8 5 10 65 82 38 40 73 93 23 92 61 81 88 12 31 80 7 70 78 25 77 87 83 51 9 53 37 58 100 30 19 85 55 66 75 89 26 16 54 59 96 2 60 72 76 32 21 34 39 79 86 35 50 49 4 6 69 47 98 71 18 42 97 52 11
27 82 99 88 87 17 90 3 78 1 62 23 48 63 35 41 45 67 84 68 69 83 57 74 86 14 37 43 92 8 33 46 28 29 44 22 36 20 81 15 64 10 13 24 30 38 89 94 5 54 95 12 65 19 66 40 34 93 61 72 73 91 31 58 77 80 7 79 25 70 21 26 56 51 53 55 9 100 2 76 75 97 16 59 96 60 32 49 98 85 6 39 71 47 11 18 50 4 42 52
72 30 81 83 37 61 95 23 19 14 65 34 26 28 84 29 78 80 20 92 15 5 36 94 51 38 10 1 98 41 64 44 3 27 73 8 33 16 24 57 17 31 59 86 89 67 90 40 45 62 93 12 25 79 13 48 63 82 39 55 69 91 99 6 11 58 53 60 88 68 74 70 21 2 46 87 76 54 22 43 77 47 97 75 100 9 85 35 4 7 66 71 50 32 96 56 49 42 52 18
39 60 51 26 59 5 24 55 29 100 20 15 28 70 61 14 62 73 40 93 57 10 3 63 94 13 25 30 38 17 41 90 95 1 71 81 50 68 32 53 66 74 78 91 7 83 72 33 84 31 45 48 67 97 99 36 54 8 9 23 37 44 87 80 19 65 75 46 58 12 2 22 34 69 76 27 43 86 82 92 6 49 64 85 16 77 89 88 98 47 56 96 79 21 35 52 4 11 18 42
70 25 53 24 73 94 91 20 15 28 29 14 31 62 67 45 5 10 3 63 38 17 95 61 90 1 68 41 60 74 57 39 84 48 85 99 36 33 81 80 23 19 55 77 44 58 6 46 8 65 75 83 2 22 76 27 37 43 78 9 30 51 92 12 54 16 13 64 7 72 82 34 40 26 93 59 88 100 69 89 47 86 56 79 87 96 98 21 66 49 32 35 42 4 71 18 50 97 11 52
13 40 93 8 44 12 36 17 84 90 3 78 59 1 23 62 26 99 6 54 10 29 38 48 63 2 41 45 51 76 71 83 67 5 68 89 92 15 57 58 74 14 20 69 81 27 43 86 33 46 28 77 61 22 35 73 24 19 94 95 9 31 65 34 37 82 30 64 39 79 75 88 7 60 55 91 72 87 80 25 70 56 66 85 53 100 97 98 16 96 32 49 21 50 47 4 11 18 52 42
68 74 62 3 63 17 90 1 45 48 99 36 67 24 46 100 14 41 22 44 84 8 28 57 20 94 15 27 43 82 33 91 29 23 95 12 21 10 13 64 25 38 5 70 78 2 65 31 76 87 40 53 77 83 73 93 7 61 81 88 92 80 9 56 96 51 47 60 19 37 58 75 85 39 86 30 34 98 54 55 66 89 26 32 69 16 59 72 35 6 79 49 42 71 50 4 18 97 52 11
100 74 68 39 62 60 3 63 17 90 1 71 45 48 99 36 67 23 51 24 46 14 41 22 44 84 8 28 78 82 26 83 57 59 20 94 15 27 43 92 21 33 91 29 95 25 12 81 2 5 10 13 64 76 87 30 38 53 70 65 19 31 55 40 77 34 73 93 7 61 72 86 88 37 66 80 47 9 56 96 69 79 98 58 75 85 54 89 32 16 35 6 50 49 42 97 52 4 11 18
36 44 84 8 23 12 62 10 38 13 3 63 78 83 17 40 90 92 1 15 93 20 68 74 28 81 14 45 48 99 67 2 19 76 24 31 34 94 86 37 41 61 95 30 46 89 77 22 57 35 27 43 33 91 29 69 79 72 73 64 5 25 59 70 80 65 26 82 6 58 53 54 88 100 7 51 71 98 56 87 96 60 9 16 85 21 39 55 66 75 32 47 49 97 11 4 50 42 18 52
95 14 28 81 80 20 15 83 94 37 1 61 10 30 38 3 23 73 16 24 17 31 19 41 67 72 90 45 62 34 84 29 57 78 25 33 48 63 91 92 99 58 53 5 36 68 74 65 70 98 2 46 76 44 54 64 22 8 27 43 86 77 40 6 93 75 13 12 26 69 9 55 60 79 47 59 82 85 39 88 89 66 7 51 21 4 96 56 87 100 42 11 32 35 49 71 18 97 50 52
4 16 56 75 9 7 80 95 6 83 48 46 81 14 23 22 32 28 50 19 94 20 15 34 3 84 78 37 17 61 30 90 1 92 62 10 31 36 67 79 38 45 59 63 72 73 99 24 49 25 41 29 44 68 8 40 53 74 93 57 86 51 5 33 13 58 91 70 21 66 12 27 43 98 54 69 26 65 2 64 76 77 82 39 88 60 55 87 47 85 89 100 11 96 35 71 18 42 97 52
12 8 44 36 13 84 40 93 78 23 62 10 38 2 3 63 65 76 83 17 89 90 92 1 15 20 68 86 46 74 28 77 81 22 35 14 45 48 34 99 67 19 27 24 31 41 59 69 94 85 26 6 37 54 57 61 95 30 5 29 33 82 43 51 71 91 79 72 88 7 58 73 64 25 70 80 87 47 9 53 100 75 39 98 56 32 60 96 55 16 21 97 66 42 50 11 49 52 4 18
23 84 78 83 92 36 81 10 38 19 44 8 34 86 15 37 20 61 95 30 28 12 14 27 62 69 79 72 13 31 3 63 94 29 5 17 80 40 90 1 24 93 68 82 41 54 74 99 88 45 48 57 67 2 33 73 98 76 6 87 25 58 16 46 89 53 65 70 77 22 35 43 91 100 26 55 64 59 51 60 9 21 39 75 11 4 7 47 71 56 96 85 66 18 32 49 42 97 50 52
34 83 81 23 19 6 84 78 37 61 95 30 92 36 10 72 14 38 28 29 44 80 8 20 15 86 9 12 5 11 94 79 75 31 33 1 7 27 62 98 69 13 3 73 40 63 16 24 41 93 17 57 67 90 45 68 82 54 74 25 26 99 88 48 55 91 58 53 2 76 87 51 65 46 70 21 22 89 64 39 77 60 35 43 4 100 59 56 47 85 52 66 71 96 49 18 97 32 42 50
74 68 62 3 63 17 90 1 45 48 99 36 67 100 24 46 14 41 22 44 84 8 28 82 57 20 94 15 27 43 21 33 91 29 23 95 25 12 2 10 13 64 76 87 38 5 53 70 78 65 31 40 77 83 73 93 7 61 81 88 92 80 47 9 56 96 51 60 19 98 37 58 75 85 39 86 30 34 69 54 55 66 89 26 32 16 59 72 35 6 79 49 42 71 50 4 18 97 52 11
65 41 57 89 33 17 20 90 15 3 28 14 29 1 62 12 99 72 10 77 94 5 38 48 63 95 24 45 8 30 67 44 61 68 74 73 84 27 31 43 46 37 22 36 81 88 13 23 25 80 19 58 53 55 82 91 40 64 70 83 2 93 76 78 52 92 54 87 16 7 60 34 39 56 6 35 51 75 66 9 69 26 100 86 47 18 85 59 96 50 32 49 98 79 21 71 42 11 4 97
42 47 28 14 20 15 22 94 46 74 95 10 68 38 1 24 31 41 67 3 45 73 12 62 81 84 17 57 25 80 90 33 58 63 53 23 83 8 19 36 48 7 44 91 99 37 61 65 70 30 72 2 29 76 54 78 9 16 92 5 100 13 64 75 77 32 6 34 27 43 40 69 82 93 60 39 21 89 86 85 98 87 88 96 55 79 56 51 26 35 59 66 4 49 71 18 11 50 52 97
12 8 44 36 13 84 40 93 78 23 62 10 38 2 3 63 65 76 83 17 89 90 92 1 15 20 68 86 46 74 28 77 81 22 35 14 45 48 34 99 67 19 27 24 31 41 59 69 94 85 26 6 37 54 57 61 95 30 5 29 33 82 43 51 71 91 79 72 88 7 58 73 64 25 70 80 87 47 9 53 100 75 39 98 56 32 60 96 55 16 21 97 66 42 50 11 49 52 4 18
54 58 69 86 22 40 93 46 78 28 13 15 20 14 82 23 59 94 10 95 38 8 87 27 84 44 83 1 24 51 3 31 41 92 67 7 12 17 45 73 36 90 57 81 62 80 25 33 9 26 99 6 19 88 48 53 63 34 68 75 5 32 74 91 2 37 65 61 70 76 30 71 29 39 60 16 79 72 43 64 77 11 89 35 47 85 98 96 21 55 56 100 50 66 97 42 4 49 18 52
69 86 54 58 78 82 23 87 27 84 83 22 40 93 92 8 46 28 44 13 15 36 20 81 14 10 38 12 99 19 88 59 94 34 5 95 37 33 61 30 17 62 90 1 24 29 3 51 31 41 67 7 79 45 63 72 73 74 57 68 80 11 25 9 26 6 48 2 53 35 76 75 32 89 91 65 70 71 39 43 98 77 60 16 21 64 55 66 100 47 85 96 56 50 4 49 52 97 42 18
91 23 29 100 58 12 89 25 9 71 92 56 54 30 13 16 62 41 17 88 99 15 93 55 10 37 64 94 49 43 79 11 21 85 22 74 86 47 3 70 14 32 87 81 42 33 2 68 84 76 8 34 90 31 48 98 83 38 73 60 61 50 6 80 97 65 59 19 57 69 82 52 51 35 39 45 18 75 28 40 63 96 69 53 24 27 26 7 5 67 1 78 4 44 36 20 95 46 77 72
70 48 36 34 56 66 90 43 82 73 20 15 86 23 42 54 94 29 98 79 76 37 13 61 31 12 25 50 26 35 30 80 14 7 53 5 88 81 1 22 9 77 3 64 38 62 60 93 18 58 8 6 74 72 19 99 16 91 85 57 78 66 27 28 39 47 71 46 49 17 67 40 11 24 4 2 32 68 63 96 10 51 21 59 44 95 45 89 52 65 84 92 55 83 69 41 33 100 87 97
59 50 32 23 33 52 1 94 15 56 6 57 99 82 21 38 43 76 11 26 77 63 88 37 12 89 69 66 58 16 25 36 70 78 65 42 54 28 13 41 96 62 86 29 27 79 48 95 74 22 20 81 14 85 31 98 60 2 19 18 7 44 72 84 40 3 80 97 90 55 93 39 45 10 47 87 49 73 53 35 91 100 30 75 34 8 9 83 17 67 68 24 61 51 64 75 46 4 71 92
75 93 31 62 32 34 67 29 9 100 46 94 19 87 82 13 50 76 12 80 2 79 91 48 65 81 16 61 37 84 42 98 30 39 83 36 96 3 33 43 73 97 71 44 20 52 47 66 41 23 21 70 85 8 89 14 72 1 40 4 57 25 78 7 64 26 88 77 51 45 58 54 69 24 90 49 74 63 27 56 68 5 53 5 95 60 35 38 6 22 15 92 86 17 99 28 11 10 59 18
89 8 37 38 75 55 81 25 90 31 77 71 95 73 92 91 13 18 33 16 93 44 17 94 32 65 85 74 84 63 54 58 22 56 99 100 83 50 64 80 96 69 12 67 97 55 72 45 60 43 59 49 24 48 70 28 42 79 15 23 82 86 40 20 5 53 34 41 6 66 76 10 26 3 1 21 61 46 30 9 87 57 62 39 7 27 36 29 2 14 51 78 98 88 68 47 52 35 4 11
12 48 94 24 85 59 53 87 11 3 95 71 79 33 88 98 99 6 47 14 67 72 49 18 92 36 69 16 22 35 62 42 9 19 26 80 65 83 45 8 56 89 64 37 54 75 77 30 25 1 70 91 27 52 74 10 43 2 46 57 90 60 78 13 5 40 31 19 17 28 39 84 68 66 29 93 34 97 86 7 55 73 82 20 100 21 50 61 63 96 58 44 76 41 81 23 51 15 38 4
89 20 27 10 97 24 25 92 14 18 15 57 58 80 48 98 6 66 99 2 41 94 40 86 45 19 33 90 17 79 88 87 56 67 21 22 63 8 31 37 32 49 64 3 82 34 100 36 69 47 83 26 38 96 81 32 60 39 12 29 42 62 74 70 72 51 75 78 30 44 73 77 46 95 52 13 1 71 65 54 28 9 55 16 11 5 84 7 53 85 76 4 43 68 35 61 91 23 93 59
69 38 29 89 3 21 52 41 70 60 93 80 22 99 44 12 33 91 18 68 61 47 58 83 2 34 56 11 19 32 96 20 42 5 100 97 87 25 13 75 7 48 88 85 28 74 43 49 72 45 71 92 95 46 31 14 54 23 35 65 39 90 9 63 15 4 36 62 64 81 82 1 94 8 79 24 86 50 30 51 55 84 77 57 76 26 78 16 59 67 17 27 6 53 73 10 40 50 66 98
82 49 32 97 77 8 40 57 76 46 83 99 65 2 36 37 28 11 4 58 79 9 29 18 13 41 47 15 14 75 22 60 88 61 45 62 23 92 86 53 20 55 12 81 51 21 30 5 90 25 59 68 85 66 96 34 48 89 16 42 19 10 26 64 94 56 37 39 98 52 33 50 70 31 95 44 93 80 91 3 69 35 78 43 27 74 84 87 38 67 17 73 1 54 7 72 6 71 100 24
85 95 53 78 71 43 25 97 64 91 10 28 12 5 31 59 15 16 3 65 69 61 79 75 92 56 4 29 70 47 58 60 88 86 63 17 67 40 30 46 19 93 51 62 26 98 14 72 41 96 48 8 22 99 38 18 33 90 49 7 20 52 77 50 42 24 82 73 55 35 76 80 87 1 9 89 84 83 74 45 37 6 32 44 68 21 36 63 23 66 94 11 2 57 100 81 39 34 54 13
5 100 67 10 72 36 34 24 14 96 76 48 78 38 8 65 70 21 30 92 74 52 42 90 99 47 89 97 18 88 69 37 68 26 79 49 50 39 15 41 81 95 84 17 27 60 93 55 33 23 58 43 80 71 40 73 12 77 2 82 35 57 16 9 53 27 3 28 13 29 25 56 63 6 83 85 98 22 19 46 62 75 54 94 91 31 45 61 7 4 20 11 66 32 86 51 1 59 87 64
22 66 54 2 45 86 35 99 50 80 1 79 26 84 71 93 42 65 39 27 55 64 68 47 41 90 98 5 88 63 21 58 7 19 11 18 52 67 53 44 51 61 49 70 60 81 46 37 34 87 56 69 89 48 32 44 20 59 13 97 28 15 85 62 14 82 31 24 94 72 9 100 83 36 10 16 74 25 3 6 43 92 76 95 40 75 38 4 91 57 17 96 29 8 77 33 73 12 30 23
24 28 23 31 82 74 77 96 42 17 63 54 43 35 5 90 85 45 95 40 34 20 3 52 32 56 15 59 75 91 18 71 73 78 7 67 83 80 6 57 68 99 94 86 62 51 4 60 29 98 41 84 9 89 55 50 30 64 49 69 65 81 27 58 8 16 72 48 25 44 1 47 70 87 93 12 19 13 97 11 92 53 39 21 10 61 79 66 38 76 37 33 26 78 14 36 88 22 46 2
50 92 69 87 16 55 77 18 96 94 53 64 35 2 31 49 60 42 37 32 41 78 46 6 100 48 12 91 23 83 65 56 40 4 95 61 15 44 66 80 73 43 81 97 84 19 86 39 26 74 47 99 93 62 98 5 90 20 82 38 89 22 63 100 8 30 14 25 85 27 24 51 58 79 10 54 11 17 72 33 29 21 70 52 9 68 57 3 88 45 7 76 1 36 34 28 59 71 75 13
17 86 48 80 10 50 24 30 95 39 44 77 49 71 18 68 75 78 92 57 79 98 88 97 3 55 25 31 14 69 66 26 87 42 16 21 9 70 82 63 19 20 37 96 11 93 2 12 8 27 28 13 67 83 7 72 89 76 51 40 15 47 84 41 1 35 33 62 91 43 94 32 22 100 38 60 85 53 45 81 52 67 61 59 58 4 36 34 74 56 90 73 99 23 29 46 65 6 54 5
80 13 89 32 53 34 7 78 71 65 94 31 81 59 85 8 25 42 60 45 69 46 18 4 40 19 86 77 98 83 73 22 12 14 23 79 61 90 96 9 92 24 76 82 39 87 6 21 11 56 93 99 43 88 72 64 70 66 54 16 28 57 58 49 100 29 55 91 50 17 84 26 30 27 20 10 48 3 44 51 74 15 47 38 97 62 68 67 37 95 5 41 33 52 36 75 2 1 64 35
3 96 24 88 59 36 42 18 33 16 41 93 75 9 2 62 79 99 68 31 39 22 40 11 20 49 19 4 35 37 95 82 7 29 77 69 27 46 67 13 92 91 76 34 100 98 6 61 17 56 43 65 5 63 1 84 58 64 60 71 44 81 73 78 14 15 53 52 23 12 54 45 97 32 74 63 26 47 89 50 66 30 70 21 72 55 80 86 38 87 85 10 83 8 51 25 48 90 28 57
2 70 33 50 81 13 35 99 44 18 37 61 46 57 91 76 98 4 71 12 86 66 5 11 55 16 38 14 34 68 36 88 6 1 20 51 48 73 83 3 29 45 93 17 75 42 67 47 69 52 59 9 25 78 10 95 85 87 31 26 8 53 40 19 24 90 7 23 60 74 22 94 84 21 89 77 63 64 92 27 100 56 30 62 49 39 65 15 32 96 28 58 54 43 41 80 94 97 72 82
62 14 38 88 50 75 22 93 98 84 70 61 45 80 89 25 41 12 26 16 86 11 72 64 97 35 68 28 77 21 91 33 59 81 99 96 74 32 83 73 2 76 65 36 51 27 23 67 37 49 6 56 1 34 24 48 8 31 82 66 3 78 95 90 47 7 85 10 55 20 30 29 13 57 40 52 92 43 79 63 53 46 4 100 19 58 42 79 9 94 87 71 54 18 60 15 44 69 17 39
23 32 40 85 18 82 29 30 81 65 7 80 69 5 45 48 63 67 59 13 14 66 24 62 41 4 56 78 73 22 26 6 75 31 60 44 83 16 10 84 3 92 50 15 74 98 58 95 11 97 20 61 55 35 8 77 19 96 1 93 94 12 68 34 39 25 46 37 76 2 53 90 87 42 47 36 33 57 64 100 91 99 54 52 70 9 49 88 27 28 86 71 89 5 51 79 17 21 38 72
77 40 38 94 24 48 90 88 93 12 32 46 80 53 21 27 50 35 33 17 43 11 19 62 13 49 60 54 82 10 51 41 92 36 6 64 30 73 76 91 56 18 45 52 81 14 8 37 72 3 97 83 59 31 70 9 68 75 71 99 96 22 69 61 26 23 42 47 55 84 95 16 44 5 2 20 89 57 100 7 65 39 25 1 4 87 34 43 15 74 28 29 98 85 67 86 79 58 63 78
6 99 67 35 24 17 31 36 95 83 8 9 50 53 43 66 46 18 72 94 7 58 27 48 41 63 44 42 30 15 3 62 98 79 49 23 77 54 93 37 33 92 11 16 52 55 80 68 2 57 59 5 96 97 75 73 25 88 10 100 21 39 90 81 34 71 76 20 29 32 19 60 78 61 45 14 87 26 38 40 47 51 66 4 70 74 84 1 56 69 89 65 13 86 82 12 22 85 64 91
96 63 99 91 11 18 87 80 19 1 30 92 60 5 17 39 42 27 22 8 7 64 6 79 54 51 36 59 83 82 74 68 49 53 70 85 24 55 56 3 31 16 4 40 84 28 29 94 88 10 45 76 67 78 15 23 97 48 93 52 21 26 62 9 66 77 2 33 89 95 44 98 75 57 37 20 90 25 35 13 58 50 14 41 32 81 43 38 100 86 73 12 71 34 61 65 46 47 72 69
19 83 16 76 21 58 36 12 89 71 93 80 28 57 51 86 91 84 23 13 87 60 99 34 2 69 29 5 100 65 49 64 85 26 96 37 42 39 43 24 7 27 10 1 40 45 98 48 52 56 32 31 3 97 92 78 79 70 35 41 14 95 59 28 75 20 66 30 47 6 11 50 9 82 53 38 33 63 72 44 46 67 22 55 73 68 54 4 18 90 17 61 8 81 15 25 62 77 74 88
10 1 36 96 12 16 94 74 42 92 100 30 76 66 70 6 18 37 5 86 63 85 51 65 24 40 19 23 55 82 33 45 53 97 60 47 25 84 26 73 49 61 21 89 99 57 28 22 50 62 2 93 4 15 8 17 31 79 87 77 58 39 46 67 32 43 41 78 91 80 90 3 75 54 88 48 35 38 81 69 44 11 29 34 94 56 52 83 14 13 59 27 64 71 68 95 20 9 98 72
7 50 69 57 67 86 15 76 61 42 52 27 88 40 46 98 31 94 26 68 81 55 34 97 25 16 49 80 64 48 2 37 13 47 90 38 17 39 29 65 84 96 60 20 18 72 7 8 28 10 30 53 91 19 43 4 93 36 83 70 41 1 77 44 3 56 82 58 11 24 35 79 12 51 75 14 54 66 92 33 71 5 45 87 99 21 63 23 32 100 89 85 62 22 6 78 59 74 9 73
92 57 73 61 98 94 80 93 45 24 55 91 39 75 6 51 7 43 13 97 81 8 14 99 71 86 59 27 54 78 90 36 40 47 34 16 2 28 87 66 3 79 38 21 18 26 30 67 70 29 5 96 100 42 95 69 64 84 83 65 58 15 46 95 23 53 12 4 85 48 11 20 17 68 9 37 52 63 72 82 77 62 25 89 44 35 49 33 19 32 22 10 74 50 1 88 76 31 41 60
91 56 89 23 5 40 43 10 34 57 24 75 6 70 95 1 84 83 46 8 65 29 81 41 48 87 13 61 52 16 18 63 88 77 67 92 2 62 50 96 11 76 21 86 37 3 100 60 14 22 78 26 9 31 36 74 15 80 98 27 38 85 68 53 17 72 82 35 49 56 33 55 79 90 32 71 25 20 47 45 66 94 7 4 44 42 28 12 64 30 54 58 99 97 51 93 73 59 19 69
92 24 77 89 12 88 57 22 46 26 64 20 51 18 14 30 27 45 59 47 43 60 61 67 66 38 40 10 17 79 52 94 97 86 37 19 33 39 2 4 78 72 32 9 87 82 95 41 69 90 1 34 98 39 54 21 70 68 75 58 23 65 81 5 96 80 6 15 36 28 99 50 42 31 85 11 100 83 8 74 84 16 56 25 63 76 13 62 29 55 3 44 73 49 35 7 53 71 91 93
46 96 3 63 85 70 69 77 58 93 60 23 71 40 22 48 41 53 2 14 24 91 61 17 1 55 97 82 50 35 72 51 15 19 90 45 95 56 62 33 78 26 74 99 67 28 29 73 43 94 37 89 18 100 92 76 39 34 75 79 6 84 81 47 31 21 64 7 66 65 5 57 8 27 30 98 44 80 11 38 87 10 32 68 88 25 9 86 54 52 12 36 42 49 4 13 59 83 16 48
52 89 68 77 44 7 38 8 36 12 53 92 17 41 66 31 29 87 75 93 90 58 80 21 59 99 100 18 72 65 33 34 47 37 45 97 10 9 54 71 48 98 2 94 91 5 23 73 4 26 30 51 13 60 56 39 20 85 70 69 19 79 86 22 28 42 63 6 40 67 25 20 74 32 96 15 62 11 46 43 3 55 50 27 49 81 24 35 84 88 57 16 83 76 1 95 64 78 14 61
73 87 94 100 49 67 36 54 84 88 62 74 59 89 4 48 24 66 19 50 93 8 35 99 21 13 68 2 43 91 17 28 27 32 29 25 45 61 82 58 16 46 5 95 78 51 92 63 15 33 98 38 56 7 40 70 41 22 86 96 60 31 6 85 3 90 83 52 12 80 20 10 18 65 77 34 72 81 11 69 42 1 64 14 97 75 39 44 30 76 9 23 55 47 26 37 57 79 53 71
36 41 71 88 32 9 17 49 83 51 68 100 94 43 35 42 84 29 89 27 50 8 99 2 11 24 26 15 74 76 31 37 48 92 21 52 63 28 62 79 78 40 44 82 86 34 80 46 47 93 38 73 82 77 10 33 16 23 67 65 98 60 85 69 53 95 81 72 6 19 87 12 90 14 18 59 57 70 66 25 1 97 75 5 54 3 64 22 13 39 55 56 30 4 7 20 61 91 58 45
57 95 85 69 23 9 41 86 32 13 75 24 98 37 14 36 19 52 55 42 78 87 6 2 73 76 28 60 91 17 11 88 67 56 77 84 31 82 44 51 58 27 72 10 93 8 20 30 89 61 68 63 46 79 5 38 90 92 97 43 62 12 34 48 99 65 100 66 80 16 83 96 53 81 71 25 29 21 4 39 7 40 64 45 26 50 70 74 47 59 54 15 49 96 18 94 35 22 3 1
96 99 27 39 85 13 3 29 80 35 83 8 41 77 48 84 53 19 82 40 37 55 38 87 67 20 95 2 81 90 94 16 31 71 23 74 75 57 91 92 68 32 24 44 79 72 66 62 36 73 10 43 50 12 98 89 30 51 45 7 46 33 33 15 64 22 11 21 63 28 14 4 69 56 70 97 52 54 18 76 6 5 1 58 78 47 49 93 26 65 59 9 61 100 88 34 86 42 25 17
71 44 36 91 83 89 4 38 33 82 68 70 45 88 54 46 81 23 63 53 69 98 6 73 35 9 62 39 37 32 58 19 11 50 94 90 87 60 84 56 5 20 34 55 65 14 75 79 31 67 78 51 61 59 3 52 41 10 15 95 40 8 25 74 22 93 66 26 72 12 16 27 28 42 64 86 85 30 13 24 7 43 47 57 76 77 80 21 48 92 96 17 100 29 97 49 99 2 60 1
73 92 31 40 17 13 30 20 59 96 64 46 55 81 66 89 91 80 1 21 32 76 26 4 99 85 74 68 22 82 24 18 78 93 3 18 23 84 86 11 44 33 67 62 48 56 38 25 100 79 27 53 65 88 36 75 70 5 12 8 2 10 58 50 35 63 39 49 90 83 52 94 45 57 14 28 72 42 34 37 61 16 29 15 95 97 7 98 60 77 9 54 41 47 69 51 71 19 43 6
71 72 5 63 4 30 16 28 33 7 45 86 85 78 89 59 20 10 60 36 64 69 51 26 40 83 3 58 99 44 42 24 91 52 68 38 31 17 97 6 39 18 76 75 62 35 100 79 90 48 54 27 34 66 47 80 22 29 61 37 32 70 57 25 23 93 19 81 50 73 8 92 88 21 41 74 65 9 12 53 2 67 87 84 11 49 55 77 46 15 56 87 82 94 13 98 14 43 96 1
85 80 96 41 99 50 61 53 39 49 17 93 24 29 27 34 86 78 64 21 74 97 91 82 28 25 51 92 67 2 60 83 33 35 40 98 84 1 6 48 31 5 19 95 66 100 11 45 7 30 20 72 18 59 89 38 23 14 13 81 52 26 3 79 57 32 87 4 37 42 70 62 12 36 47 8 94 58 75 9 55 77 44 90 46 54 68 22 71 76 15 63 73 56 43 16 10 65 69 88
59 44 9 37 69 61 86 60 46 66 32 57 11 21 88 80 49 65 30 54 40 72 24 56 90 25 92 27 81 16 94 68 71 51 41 34 14 100 1 74 95 6 31 95 29 8 97 5 83 48 35 3 55 28 82 96 79 89 62 84 87 23 15 50 10 99 18 22 19 17 38 43 63 58 52 4 45 2 7 53 13 85 73 75 91 98 12 76 42 33 77 36 78 20 26 70 39 67 64 93
91 9 71 79 34 7 10 16 49 72 2 22 59 38 96 53 28 35 66 15 98 4 92 46 85 90 76 81 37 13 100 41 95 47 42 31 12 69 3 80 50 5 8 52 19 65 63 64 68 87 36 17 30 24 56 62 40 75 29 27 14 45 89 25 97 32 61 44 86 20 26 48 77 82 93 58 43 78 99 57 39 54 11 83 70 84 6 33 18 94 47 1 51 60 67 88 21 73 55 23
73 17 61 68 89 27 7 100 67 53 76 48 46 71 58 87 62 91 41 88 18 93 74 45 34 72 49 13 52 85 56 40 25 30 66 23 57 97 95 21 99 12 50 94 74 47 24 96 32 79 16 86 70 6 19 43 22 63 77 4 83 98 51 39 64 82 60 5 33 44 92 28 42 54 1 81 2 38 80 15 10 69 26 90 3 31 75 29 37 11 20 36 65 14 8 59 84 35 9 78
45 57 20 21 89 26 97 99 42 9 87 85 34 37 79 60 90 69 11 41 22 6 8 1 19 81 30 83 40 66 96 80 14 46 5 51 56 44 100 68 7 59 61 27 52 88 67 84 3 95 43 62 2 23 31 91 12 76 29 50 55 36 48 18 73 64 74 25 75 39 93 38 47 58 72 4 10 53 33 70 35 28 49 98 16 17 24 77 78 63 71 15 32 65 92 54 13 82 94 55
83 51 1 34 88 18 32 52 96 9 57 4 12 67 46 45 2 16 55 21 25 64 24 33 100 5 26 95 30 71 73 70 78 3 87 41 13 60 79 92 22 86 77 49 86 17 65 43 38 7 91 56 23 48 74 66 89 81 99 40 6 29 80 58 39 14 85 98 28 11 90 94 47 82 93 37 62 68 76 53 15 27 59 8 61 84 44 36 35 20 63 31 10 50 54 19 69 72 42 97
25 66 69 11 60 87 62 34 47 90 58 83 86 70 80 93 7 33 94 45 67 54 61 16 51 22 59 49 46 74 82 71 85 56 76 19 40 97 79 29 21 28 50 15 89 52 23 1 73 57 42 17 13 24 32 84 44 77 78 92 10 4 6 91 100 31 12 55 72 36 5 96 37 39 18 81 27 14 26 75 68 20 48 53 2 30 75 65 41 43 3 8 88 99 98 38 35 63 64 9
56 25 46 20 88 60 81 90 61 43 50 10 39 8 75 30 26 91 24 97 5 79 89 48 72 84 54 42 96 3 70 94 38 63 34 36 9 62 59 66 57 35 73 93 71 18 2 51 31 53 16 68 69 86 95 13 77 33 15 74 19 58 47 29 76 67 22 45 32 82 12 17 41 52 55 37 4 7 49 21 14 85 100 65 92 11 83 80 99 87 98 44 1 78 6 28 40 27 23 64
87 90 78 94 26 7 76 73 37 93 88 95 92 66 60 47 61 8 55 83 79 33 21 16 95 85 6 28 23 57 12 96 97 15 68 9 14 13 46 99 32 25 53 69 19 50 71 4 54 36 70 51 74 41 27 52 24 3 20 2 1 80 62 43 5 58 75 39 63 48 35 34 77 100 67 29 84 44 22 59 10 40 49 64 89 86 17 42 91 65 56 38 11 30 72 18 98 45 82 81
91 81 49 62 19 56 89 64 39 76 13 58 94 24 30 2 70 7 9 93 61 66 43 20 71 15 90 22 3 11 96 51 10 34 23 60 26 88 1 18 14 16 42 67 53 31 31 83 65 44 82 59 72 50 27 29 32 6 74 8 52 38 86 85 97 17 28 5 100 33 87 75 21 54 84 69 57 47 40 73 63 98 12 80 68 37 46 36 92 45 48 4 55 35 25 95 41 79 78 99
27 21 35 37 81 75 84 4 91 17 22 50 60 93 3 57 33 38 13 46 53 65 54 92 90 51 12 89 10 44 80 74 31 77 55 34 88 99 9 62 43 16 15 49 20 32 71 47 69 45 83 66 7 52 70 42 67 63 40 58 72 68 36 28 5 85 86 64 87 94 8 30 48 95 18 73 29 19 100 24 78 1 23 82 96 6 77 79 98 76 97 56 26 2 39 59 11 61 25 14
10 62 84 98 77 33 31 61 100 60 43 97 89 65 85 99 40 18 73 16 59 28 12 94 13 74 88 22 45 70 32 46 69 17 83 56 68 36 23 1 64 66 87 15 35 55 92 67 9 49 29 91 37 82 38 39 81 26 93 76 34 75 6 51 78 27 44 72 79 47 41 24 50 96 41 19 7 58 71 57 11 2 5 63 52 95 48 4 53 86 80 42 14 3 90 21 30 54 8 25
42 47 28 14 20 15 22 94 46 74 95 10 68 38 1 24 31 41 67 3 45 73 12 62 81 84 17 57 25 80 90 33 58 63 53 23 83 8 19 36 48 7 44 91 99 37 61 65 70 30 72 2 29 76 54 78 9 16 92 5 100 13 64 75 77 32 6 34 27 43 40 69 82 93 60 39 21 89 86 85 98 87 88 96 55 79 56 51 26 35 59 66 4 49 71 18 11 50 52 97
68 74 62 3 63 17 90 1 45 48 99 36 67 24 46 100 14 41 22 44 84 8 28 57 20 94 15 27 43 82 33 91 29 23 95 12 21 10 13 64 25 38 5 70 78 2 65 31 76 87 40 53 77 83 73 93 7 61 81 88 92 80 9 56 96 51 47 60 19 37 58 75 85 39 86 30 34 98 54 55 66 89 26 32 69 16 59 72 35 6 79 49 42 71 50 4 18 97 52 11
35 88 27 44 8 97 36 82 12 99 13 84 87 17 40 89 90 93 3 23 78 62 10 71 1 38 2 63 76 83 48 92 15 37 20 41 45 68 67 74 28 77 81 69 57 86 14 46 65 43 33 19 22 29 24 31 34 94 26 64 30 59 5 54 61 95 6 66 51 72 91 79 73 58 7 25 70 80 85 21 53 56 9 100 55 75 98 39 96 60 16 32 49 47 50 52 11 4 42 18
1 3 17 90 62 14 48 63 99 28 20 15 68 74 41 45 95 46 67 94 64 22 36 57 10 27 43 24 33 29 38 73 44 81 13 31 84 8 80 5 65 82 40 91 25 83 93 23 61 88 12 37 58 53 7 30 19 70 78 77 56 87 51 16 2 9 72 76 92 100 54 34 55 66 75 89 26 59 96 6 60 32 85 21 39 69 86 35 47 49 98 79 71 50 42 4 18 97 52 11
70 25 53 24 73 94 91 20 15 28 29 14 31 62 67 45 5 10 3 63 38 17 95 61 90 1 68 41 60 74 57 39 84 48 85 99 36 33 81 80 23 19 55 77 44 58 6 46 8 65 75 83 2 22 76 27 37 43 78 9 30 51 92 12 54 16 13 64 7 72 82 34 40 26 93 59 88 100 69 89 47 86 56 79 87 96 98 21 66 49 32 35 42 4 71 18 50 97 11 52
25 53 70 94 28 14 20 24 31 15 67 73 45 95 10 38 91 1 3 29 41 90 17 62 74 68 81 84 57 80 5 33 63 77 58 6 23 48 75 83 99 19 36 61 37 9 65 30 60 2 76 39 44 54 78 8 46 85 7 16 92 22 72 27 43 64 34 55 12 69 13 89 47 100 79 82 40 86 93 51 88 98 96 87 21 56 26 59 66 42 4 35 32 49 18 71 11 50 52 97
79 92 6 23 84 78 83 9 36 75 81 31 7 10 38 34 19 44 18 40 8 93 86 15 37 20 61 94 95 13 30 32 28 12 14 27 62 72 69 48 3 63 67 29 46 5 17 45 80 90 1 22 24 68 82 25 41 54 74 99 88 53 57 2 33 73 98 56 59 76 87 70 26 58 16 89 65 77 4 35 51 43 71 91 100 55 64 11 60 21 39 47 96 85 66 50 49 97 42 52
59 51 26 39 40 93 60 13 7 54 8 9 44 80 75 30 12 36 58 3 69 71 50 32 17 66 90 1 72 6 62 46 95 5 24 84 97 16 22 86 63 81 48 78 55 87 99 29 23 14 68 83 100 10 28 74 38 41 45 20 37 67 2 15 61 82 76 57 27 43 70 89 33 92 94 19 73 77 79 34 52 56 64 31 35 65 25 91 53 88 4 98 85 96 11 21 49 47 18 42
63 62 3 17 90 1 68 74 45 48 99 36 67 24 14 41 44 46 84 8 28 22 57 20 94 15 27 43 33 91 29 23 95 12 10 13 64 38 5 70 78 65 31 82 96 40 77 83 73 93 61 81 88 92 100 25 80 7 53 56 87 51 60 2 9 19 37 58 76 85 21 39 86 30 34 55 66 75 89 26 59 16 54 72 32 35 69 6 79 49 47 98 71 50 4 18 42 11 97 52
65 41 57 89 33 17 20 90 15 3 28 14 29 1 62 12 99 72 10 77 94 5 38 48 63 95 24 45 8 30 67 44 61 68 74 73 84 27 31 43 46 37 22 36 81 88 13 23 25 80 19 58 53 55 82 91 40 64 70 83 2 93 76 78 52 92 54 87 16 7 60 34 39 56 6 35 51 75 66 9 69 26 100 86 47 18 85 59 96 50 32 49 98 79 21 71 42 11 4 97
6 9 79 75 31 7 34 40 93 94 13 83 28 10 14 20 92 15 38 67 46 8 45 81 22 44 23 25 19 84 95 12 53 36 78 1 37 56 59 24 61 30 70 26 41 90 3 17 54 62 73 57 80 72 4 33 51 63 71 77 58 29 99 48 68 69 91 74 86 65 2 5 11 18 76 89 16 27 98 32 43 64 39 35 60 47 82 88 50 55 85 66 96 87 21 97 100 42 49 52
46 22 3 7 17 90 1 62 9 48 63 99 68 75 74 54 8 14 32 41 45 44 67 28 36 57 20 15 27 43 24 33 58 12 29 69 95 6 94 13 64 84 5 10 65 82 86 38 40 91 73 93 23 61 78 81 88 31 80 47 59 70 25 77 56 87 83 100 51 53 2 37 92 76 30 19 55 66 89 79 26 16 96 21 4 34 60 72 35 85 39 42 49 98 71 50 18 11 97 52
82 87 27 99 88 69 17 90 3 78 74 1 86 62 68 54 23 48 63 35 41 45 67 84 58 83 57 14 37 43 92 8 33 46 28 29 44 22 36 20 21 26 81 15 64 10 13 24 30 38 89 94 5 95 12 65 19 66 40 34 93 51 61 72 100 73 91 31 77 80 7 59 79 25 70 56 98 53 55 9 2 39 76 75 60 97 16 96 32 49 85 6 71 47 11 50 18 4 42 52
28 14 20 15 94 95 10 38 1 24 31 41 67 3 45 73 81 84 17 57 25 80 90 33 62 58 53 23 83 19 36 48 63 91 99 37 61 65 70 30 2 29 68 76 44 54 78 74 8 16 46 92 5 72 64 77 22 6 34 27 43 75 12 69 9 60 47 13 39 89 86 7 82 85 40 93 98 88 96 55 79 56 87 51 26 100 42 59 66 35 32 21 4 49 18 71 11 50 52 97
62 3 63 17 90 1 68 74 45 48 99 36 67 24 14 41 44 46 84 8 28 22 57 20 94 15 27 43 33 91 29 23 95 12 10 13 64 38 5 70 78 65 31 82 40 77 83 73 93 61 81 88 92 100 25 80 7 53 56 87 96 51 60 2 9 19 37 58 76 85 21 39 86 30 34 55 66 75 89 26 16 54 59 72 32 35 69 6 79 49 47 98 71 50 4 18 42 97 52 11
92 23 84 78 83 79 36 81 10 38 19 44 8 34 86 15 37 20 61 95 30 28 12 14 27 62 72 69 6 13 31 48 3 63 94 29 5 17 80 40 90 1 24 93 68 82 41 54 74 99 88 45 57 67 2 33 73 98 76 87 25 58 16 9 46 89 53 65 70 77 22 35 75 43 91 100 7 26 55 18 64 59 51 56 60 21 32 39 11 4 47 71 96 85 66 49 42 97 50 52
96 63 21 62 3 17 28 32 90 1 68 14 20 11 15 74 45 48 94 99 36 67 98 24 95 10 38 41 44 46 84 8 31 22 57 27 43 73 33 91 29 81 23 25 37 80 12 13 64 58 5 53 70 78 65 83 19 82 40 77 93 61 30 88 92 100 2 76 87 54 7 16 56 51 72 60 6 9 34 75 85 39 86 52 69 55 66 89 26 47 59 35 79 49 71 42 4 50 18 97
43 17 90 3 1 62 99 48 63 41 45 67 68 57 74 14 27 33 46 28 29 22 36 20 15 13 24 94 5 95 65 44 82 40 64 84 8 93 10 61 88 38 73 91 31 23 77 81 12 87 80 7 25 70 78 56 83 51 53 55 66 9 89 37 58 92 100 30 19 75 26 16 35 54 59 96 2 60 72 76 32 49 85 21 34 39 69 86 6 71 47 79 98 18 50 4 42 52 97 11
28 14 20 15 94 95 10 38 1 24 31 41 67 3 45 73 81 84 17 57 25 80 90 33 62 58 53 23 83 19 36 48 63 91 99 37 61 65 70 30 2 29 68 76 44 54 78 74 8 16 46 92 5 72 64 77 22 6 34 27 43 75 12 69 9 60 47 13 39 89 86 7 82 85 40 93 98 88 96 55 79 56 87 51 26 100 42 59 66 35 32 21 4 49 18 71 11 50 52 97
37 81 83 61 95 30 23 19 72 14 34 28 84 29 78 57 80 20 15 92 41 5 36 94 27 10 1 38 98 33 44 3 73 8 16 24 17 31 86 67 90 82 40 45 62 65 93 99 88 12 25 26 13 48 63 55 69 79 91 6 58 53 87 68 51 74 70 21 2 46 76 54 64 22 60 35 43 89 39 59 77 75 9 47 85 96 11 4 7 66 100 56 71 49 18 97 42 32 50 52
92 23 84 78 83 79 36 81 10 38 19 44 8 34 86 15 37 20 61 95 30 28 12 14 27 62 72 69 6 13 31 48 3 63 94 29 5 17 80 40 90 1 24 93 68 82 41 54 74 99 88 45 57 67 2 33 73 98 76 87 25 58 16 9 46 89 53 65 70 77 22 35 75 43 91 100 7 26 55 18 64 59 51 56 60 21 32 39 11 4 47 71 96 85 66 49 42 97 50 52
5 29 61 73 57 41 17 81 90 3 55 60 78 91 33 39 1 83 62 24 99 14 23 37 70 95 28 30 48 63 65 20 15 45 13 67 84 68 19 72 25 74 86 94 27 34 40 43 92 8 46 93 51 10 44 53 80 22 36 49 85 38 69 12 31 26 82 59 64 89 75 98 88 9 54 16 58 77 87 7 79 56 2 76 100 66 6 21 35 96 18 32 71 47 50 11 97 4 52 42
3 17 90 1 62 48 63 99 68 74 14 41 45 46 67 28 22 36 57 20 15 27 43 24 33 29 95 94 44 13 64 84 8 5 10 65 82 38 40 91 73 93 23 61 81 88 12 31 80 7 70 78 25 77 56 87 83 51 9 53 37 58 92 100 30 19 55 66 75 89 26 16 54 59 96 2 60 72 76 32 85 21 34 39 86 35 49 6 69 47 79 98 71 50 4 18 42 97 52 11
54 58 69 86 22 40 93 46 78 28 13 15 20 14 82 23 59 94 10 95 38 8 87 27 84 44 83 1 24 51 3 31 41 92 67 7 12 17 45 73 36 90 57 81 62 80 25 33 9 26 99 6 19 88 48 53 63 34 68 75 5 32 74 91 2 37 65 61 70 76 30 71 29 39 60 16 79 72 43 64 77 11 89 35 47 85 98 96 21 55 56 100 50 66 97 42 4 49 18 52
93 40 13 8 44 12 36 59 26 6 17 54 84 90 3 71 78 51 1 23 62 99 58 69 81 10 29 38 48 63 2 41 45 76 83 67 5 68 89 86 92 9 15 57 74 14 20 37 27 43 61 95 30 33 46 28 39 77 79 75 22 31 35 7 60 73 24 34 19 94 72 65 82 64 80 66 88 55 91 97 87 25 70 98 56 85 53 16 100 50 32 96 49 21 47 4 52 11 18 42
83 81 23 19 34 84 78 37 61 95 30 92 36 10 72 14 38 28 29 44 80 8 20 15 86 5 94 12 1 27 62 98 69 79 6 13 3 31 73 63 16 24 17 57 41 67 90 40 45 93 68 82 54 74 25 26 99 88 33 48 55 91 58 53 2 76 87 51 65 70 9 21 46 89 11 64 22 39 77 60 75 35 43 4 7 100 59 47 85 66 71 96 56 49 97 18 42 32 50 52
22 46 3 7 17 90 1 62 9 48 54 63 99 68 75 32 74 8 14 41 45 44 58 67 28 69 36 57 20 15 27 43 24 33 12 29 95 6 94 86 13 64 84 5 10 65 82 38 40 47 91 73 93 23 61 78 81 88 31 80 59 70 25 77 56 87 83 100 51 53 2 37 92 76 30 19 55 66 89 79 26 16 96 21 4 34 42 60 72 35 85 39 49 98 71 50 18 11 97 52
17 90 3 1 62 99 48 63 41 45 67 68 57 74 14 27 43 33 46 28 29 22 36 20 15 13 24 94 5 95 65 44 82 40 64 84 8 93 10 61 88 38 73 91 31 23 77 81 12 87 80 7 25 70 78 56 83 51 53 55 66 9 89 37 58 92 100 30 19 75 26 16 35 54 59 96 2 60 72 76 32 49 85 21 34 39 69 86 6 71 47 79 98 18 50 4 42 52 97 11
19 83 81 23 34 20 84 15 78 37 28 61 95 30 92 14 36 10 72 94 38 24 29 44 80 8 41 86 1 5 31 57 67 3 33 45 73 12 27 62 17 98 25 69 79 90 6 13 58 63 16 53 65 70 2 40 48 76 91 93 99 68 82 54 74 26 88 55 46 64 77 87 22 51 60 43 75 9 21 39 89 11 47 35 4 7 100 59 85 96 56 66 71 42 49 32 97 18 50 52
96 63 21 62 3 17 28 32 90 1 68 14 20 11 15 74 45 48 94 99 36 67 98 24 95 10 38 41 44 46 84 8 31 22 57 27 43 73 33 91 29 81 23 25 37 80 12 13 64 58 5 53 70 78 65 83 19 82 40 77 93 61 30 88 92 100 2 76 87 54 7 16 56 51 72 60 6 9 34 75 85 39 86 52 69 55 66 89 26 47 59 35 79 49 71 42 4 50 18 97
48 3 17 90 1 62 63 99 68 74 14 41 45 46 67 28 22 36 57 20 56 15 27 43 24 33 29 95 91 94 44 13 64 84 8 5 10 65 82 38 40 73 93 23 92 61 81 88 12 31 80 7 70 78 25 77 87 83 51 9 53 37 58 100 30 19 85 55 66 75 89 26 16 54 59 96 2 60 72 76 32 21 34 39 79 86 35 50 49 4 6 69 47 98 71 18 42 97 52 11
27 82 99 88 87 17 90 3 78 1 62 23 48 63 35 41 45 67 84 68 69 83 57 74 86 14 37 43 92 8 33 46 28 29 44 22 36 20 81 15 64 10 13 24 30 38 89 94 5 54 95 12 65 19 66 40 34 93 61 72 73 91 31 58 77 80 7 79 25 70 21 26 56 51 53 55 9 100 2 76 75 97 16 59 96 60 32 49 98 85 6 39 71 47 11 18 50 4 42 52
72 30 81 83 37 61 95 23 19 14 65 34 26 28 84 29 78 80 20 92 15 5 36 94 51 38 10 1 98 41 64 44 3 27 73 8 33 16 24 57 17 31 59 86 89 67 90 40 45 62 93 12 25 79 13 48 63 82 39 55 69 91 99 6 11 58 53 60 88 68 74 70 21 2 46 87 76 54 22 43 77 47 97 75 100 9 85 35 4 7 66 71 50 32 96 56 49 42 52 18
39 60 51 26 59 5 24 55 29 100 20 15 28 70 61 14 62 73 40 93 57 10 3 63 94 13 25 30 38 17 41 90 95 1 71 81 50 68 32 53 66 74 78 91 7 83 72 33 84 31 45 48 67 97 99 36 54 8 9 23 37 44 87 80 19 65 75 46 58 12 2 22 34 69 76 27 43 86 82 92 6 49 64 85 16 77 89 88 98 47 56 96 79 21 35 52 4 11 18 42
70 25 53 24 73 94 91 20 15 28 29 14 31 62 67 45 5 10 3 63 38 17 95 61 90 1 68 41 60 74 57 39 84 48 85 99 36 33 81 80 23 19 55 77 44 58 6 46 8 65 75 83 2 22 76 27 37 43 78 9 30 51 92 12 54 16 13 64 7 72 82 34 40 26 93 59 88 100 69 89 47 86 56 79 87 96 98 21 66 49 32 35 42 4 71 18 50 97 11 52
13 40 93 8 44 12 36 17 84 90 3 78 59 1 23 62 26 99 6 54 10 29 38 48 63 2 41 45 51 76 71 83 67 5 68 89 92 15 57 58 74 14 20 69 81 27 43 86 33 46 28 77 61 22 35 73 24 19 94 95 9 31 65 34 37 82 30 64 39 79 75 88 7 60 55 91 72 87 80 25 70 56 66 85 53 100 97 98 16 96 32 49 21 50 47 4 11 18 52 42
68 74 62 3 63 17 90 1 45 48 99 36 67 24 46 100 14 41 22 44 84 8 28 57 20 94 15 27 43 82 33 91 29 23 95 12 21 10 13 64 25 38 5 70 78 2 65 31 76 87 40 53 77 83 73 93 7 61 81 88 92 80 9 56 96 51 47 60 19 37 58 75 85 39 86 30 34 98 54 55 66 89 26 32 69 16 59 72 35 6 79 49 42 71 50 4 18 97 52 11
100 74 68 39 62 60 3 63 17 90 1 71 45 48 99 36 67 23 51 24 46 14 41 22 44 84 8 28 78 82 26 83 57 59 20 94 15 27 43 92 21 33 91 29 95 25 12 81 2 5 10 13 64 76 87 30 38 53 70 65 19 31 55 40 77 34 73 93 7 61 72 86 88 37 66 80 47 9 56 96 69 79 98 58 75 85 54 89 32 16 35 6 50 49 42 97 52 4 11 18
36 44 84 8 23 12 62 10 38 13 3 63 78 83 17 40 90 92 1 15 93 20 68 74 28 81 14 45 48 99 67 2 19 76 24 31 34 94 86 37 41 61 95 30 46 89 77 22 57 35 27 43 33 91 29 69 79 72 73 64 5 25 59 70 80 65 26 82 6 58 53 54 88 100 7 51 71 98 56 87 96 60 9 16 85 21 39 55 66 75 32 47 49 97 11 4 50 42 18 52
95 14 28 81 80 20 15 83 94 37 1 61 10 30 38 3 23 73 16 24 17 31 19 41 67 72 90 45 62 34 84 29 57 78 25 33 48 63 91 92 99 58 53 5 36 68 74 65 70 98 2 46 76 44 54 64 22 8 27 43 86 77 40 6 93 75 13 12 26 69 9 55 60 79 47 59 82 85 39 88 89 66 7 51 21 4 96 56 87 100 42 11 32 35 49 71 18 97 50 52
4 16 56 75 9 7 80 95 6 83 48 46 81 14 23 22 32 28 50 19 94 20 15 34 3 84 78 37 17 61 30 90 1 92 62 10 31 36 67 79 38 45 59 63 72 73 99 24 49 25 41 29 44 68 8 40 53 74 93 57 86 51 5 33 13 58 91 70 21 66 12 27 43 98 54 69 26 65 2 64 76 77 82 39 88 60 55 87 47 85 89 100 11 96 35 71 18 42 97 52
12 8 44 36 13 84 40 93 78 23 62 10 38 2 3 63 65 76 83 17 89 90 92 1 15 20 68 86 46 74 28 77 81 22 35 14 45 48 34 99 67 19 27 24 31 41 59 69 94 85 26 6 37 54 57 61 95 30 5 29 33 82 43 51 71 91 79 72 88 7 58 73 64 25 70 80 87 47 9 53 100 75 39 98 56 32 60 96 55 16 21 97 66 42 50 11 49 52 4 18
23 84 78 83 92 36 81 10 38 19 44 8 34 86 15 37 20 61 95 30 28 12 14 27 62 69 79 72 13 31 3 63 94 29 5 17 80 40 90 1 24 93 68 82 41 54 74 99 88 45 48 57 67 2 33 73 98 76 6 87 25 58 16 46 89 53 65 70 77 22 35 43 91 100 26 55 64 59 51 60 9 21 39 75 11 4 7 47 71 56 96 85 66 18 32 49 42 97 50 52
34 83 81 23 19 6 84 78 37 61 95 30 92 36 10 72 14 38 28 29 44 80 8 20 15 86 9 12 5 11 94 79 75 31 33 1 7 27 62 98 69 13 3 73 40 63 16 24 41 93 17 57 67 90 45 68 82 54 74 25 26 99 88 48 55 91 58 53 2 76 87 51 65 46 70 21 22 89 64 39 77 60 35 43 4 100 59 56 47 85 52 66 71 96 49 18 97 32 42 50
74 68 62 3 63 17 90 1 45 48 99 36 67 100 24 46 14 41 22 44 84 8 28 82 57 20 94 15 27 43 21 33 91 29 23 95 25 12 2 10 13 64 76 87 38 5 53 70 78 65 31 40 77 83 73 93 7 61 81 88 92 80 47 9 56 96 51 60 19 98 37 58 75 85 39 86 30 34 69 54 55 66 89 26 32 16 59 72 35 6 79 49 42 71 50 4 18 97 52 11
65 41 57 89 33 17 20 90 15 3 28 14 29 1 62 12 99 72 10 77 94 5 38 48 63 95 24 45 8 30 67 44 61 68 74 73 84 27 31 43 46 37 22 36 81 88 13 23 25 80 19 58 53 55 82 91 40 64 70 83 2 93 76 78 52 92 54 87 16 7 60 34 39 56 6 35 51 75 66 9 69 26 100 86 47 18 85 59 96 50 32 49 98 79 21 71 42 11 4 97
42 47 28 14 20 15 22 94 46 74 95 10 68 38 1 24 31 41 67 3 45 73 12 62 81 84 17 57 25 80 90 33 58 63 53 23 83 8 19 36 48 7 44 91 99 37 61 65 70 30 72 2 29 76 54 78 9 16 92 5 100 13 64 75 77 32 6 34 27 43 40 69 82 93 60 39 21 89 86 85 98 87 88 96 55 79 56 51 26 35 59 66 4 49 71 18 11 50 52 97
12 8 44 36 13 84 40 93 78 23 62 10 38 2 3 63 65 76 83 17 89 90 92 1 15 20 68 86 46 74 28 77 81 22 35 14 45 48 34 99 67 19 27 24 31 41 59 69 94 85 26 6 37 54 57 61 95 30 5 29 33 82 43 51 71 91 79 72 88 7 58 73 64 25 70 80 87 47 9 53 100 75 39 98 56 32 60 96 55 16 21 97 66 42 50 11 49 52 4 18
54 58 69 86 22 40 93 46 78 28 13 15 20 14 82 23 59 94 10 95 38 8 87 27 84 44 83 1 24 51 3 31 41 92 67 7 12 17 45 73 36 90 57 81 62 80 25 33 9 26 99 6 19 88 48 53 63 34 68 75 5 32 74 91 2 37 65 61 70 76 30 71 29 39 60 16 79 72 43 64 77 11 89 35 47 85 98 96 21 55 56 100 50 66 97 42 4 49 18 52
69 86 54 58 78 82 23 87 27 84 83 22 40 93 92 8 46 28 44 13 15 36 20 81 14 10 38 12 99 19 88 59 94 34 5 95 37 33 61 30 17 62 90 1 24 29 3 51 31 41 67 7 79 45 63 72 73 74 57 68 80 11 25 9 26 6 48 2 53 35 76 75 32 89 91 65 70 71 39 43 98 77 60 16 21 64 55 66 100 47 85 96 56 50 4 49 52 97 42 18
91 23 29 100 58 12 89 25 9 71 92 56 54 30 13 16 62 41 17 88 99 15 93 55 10 37 64 94 49 43 79 11 21 85 22 74 86 47 3 70 14 32 87 81 42 33 2 68 84 76 8 34 90 31 48 98 83 38 73 60 61 50 6 80 97 65 59 19 57 69 82 52 51 35 39 45 18 75 28 40 63 96 69 53 24 27 26 7 5 67 1 78 4 44 36 20 95 46 77 72
70 48 36 34 56 66 90 43 82 73 20 15 86 23 42 54 94 29 98 79 76 37 13 61 31 12 25 50 26 35 30 80 14 7 53 5 88 81 1 22 9 77 3 64 38 62 60 93 18 58 8 6 74 72 19 99 16 91 85 57 78 66 27 28 39 47 71 46 49 17 67 40 11 24 4 2 32 68 63 96 10 51 21 59 44 95 45 89 52 65 84 92 55 83 69 41 33 100 87 97
59 50 32 23 33 52 1 94 15 56 6 57 99 82 21 38 43 76 11 26 77 63 88 37 12 89 69 66 58 16 25 36 70 78 65 42 54 28 13 41 96 62 86 29 27 79 48 95 74 22 20 81 14 85 31 98 60 2 19 18 7 44 72 84 40 3 80 97 90 55 93 39 45 10 47 87 49 73 53 35 91 100 30 75 34 8 9 83 17 67 68 24 61 51 64 75 46 4 71 92
75 93 31 62 32 34 67 29 9 100 46 94 19 87 82 13 50 76 12 80 2 79 91 48 65 81 16 61 37 84 42 98 30 39 83 36 96 3 33 43 73 97 71 44 20 52 47 66 41 23 21 70 85 8 89 14 72 1 40 4 57 25 78 7 64 26 88 77 51 45 58 54 69 24 90 49 74 63 27 56 68 5 53 5 95 60 35 38 6 22 15 92 86 17 99 28 11 10 59 18
89 8 37 38 75 55 81 25 90 31 77 71 95 73 92 91 13 18 33 16 93 44 17 94 32 65 85 74 84 63 54 58 22 56 99 100 83 50 64 80 96 69 12 67 97 55 72 45 60 43 59 49 24 48 70 28 42 79 15 23 82 86 40 20 5 53 34 41 6 66 76 10 26 3 1 21 61 46 30 9 87 57 62 39 7 27 36 29 2 14 51 78 98 88 68 47 52 35 4 11
12 48 94 24 85 59 53 87 11 3 95 71 79 33 88 98 99 6 47 14 67 72 49 18 92 36 69 16 22 35 62 42 9 19 26 80 65 83 45 8 56 89 64 37 54 75 77 30 25 1 70 91 27 52 74 10 43 2 46 57 90 60 78 13 5 40 31 19 17 28 39 84 68 66 29 93 34 97 86 7 55 73 82 20 100 21 50 61 63 96 58 44 76 41 81 23 51 15 38 4
89 20 27 10 97 24 25 92 14 18 15 57 58 80 48 98 6 66 99 2 41 94 40 86 45 19 33 90 17 79 88 87 56 67 21 22 63 8 31 37 32 49 64 3 82 34 100 36 69 47 83 26 38 96 81 32 60 39 12 29 42 62 74 70 72 51 75 78 30 44 73 77 46 95 52 13 1 71 65 54 28 9 55 16 11 5 84 7 53 85 76 4 43 68 35 61 91 23 93 59
69 38 29 89 3 21 52 41 70 60 93 80 22 99 44 12 33 91 18 68 61 47 58 83 2 34 56 11 19 32 96 20 42 5 100 97 87 25 13 75 7 48 88 85 28 74 43 49 72 45 71 92 95 46 31 14 54 23 35 65 39 90 9 63 15 4 36 62 64 81 82 1 94 8 79 24 86 50 30 51 55 84 77 57 76 26 78 16 59 67 17 27 6 53 73 10 40 50 66 98
82 49 32 97 77 8 40 57 76 46 83 99 65 2 36 37 28 11 4 58 79 9 29 18 13 41 47 15 14 75 22 60 88 61 45 62 23 92 86 53 20 55 12 81 51 21 30 5 90 25 59 68 85 66 96 34 48 89 16 42 19 10 26 64 94 56 37 39 98 52 33 50 70 31 95 44 93 80 91 3 69 35 78 43 27 74 84 87 38 67 17 73 1 54 7 72 6 71 100 24
85 95 53 78 71 43 25 97 64 91 10 28 12 5 31 59 15 16 3 65 69 61 79 75 92 56 4 29 70 47 58 60 88 86 63 17 67 40 30 46 19 93 51 62 26 98 14 72 41 96 48 8 22 99 38 18 33 90 49 7 20 52 77 50 42 24 82 73 55 35 76 80 87 1 9 89 84 83 74 45 37 6 32 44 68 21 36 63 23 66 94 11 2 57 100 81 39 34 54 13
5 100 67 10 72 36 34 24 14 96 76 48 78 38 8 65 70 21 30 92 74 52 42 90 99 47 89 97 18 88 69 37 68 26 79 49 50 39 15 41 81 95 84 17 27 60 93 55 33 23 58 43 80 71 40 73 12 77 2 82 35 57 16 9 53 27 3 28 13 29 25 56 63 6 83 85 98 22 19 46 62 75 54 94 91 31 45 61 7 4 20 11 66 32 86 51 1 59 87 64
22 66 54 2 45 86 35 99 50 80 1 79 26 84 71 93 42 65 39 27 55 64 68 47 41 90 98 5 88 63 21 58 7 19 11 18 52 67 53 44 51 61 49 70 60 81 46 37 34 87 56 69 89 48 32 44 20 59 13 97 28 15 85 62 14 82 31 24 94 72 9 100 83 36 10 16 74 25 3 6 43 92 76 95 40 75 38 4 91 57 17 96 29 8 77 33 73 12 30 23
24 28 23 31 82 74 77 96 42 17 63 54 43 35 5 90 85 45 95 40 34 20 3 52 32 56 15 59 75 91 18 71 73 78 7 67 83 80 6 57 68 99 94 86 62 51 4 60 29 98 41 84 9 89 55 50 30 64 49 69 65 81 27 58 8 16 72 48 25 44 1 47 70 87 93 12 19 13 97 11 92 53 39 21 10 61 79 66 38 76 37 33 26 78 14 36 88 22 46 2
50 92 69 87 16 55 77 18 96 94 53 64 35 2 31 49 60 42 37 32 41 78 46 6 100 48 12 91 23 83 65 56 40 4 95 61 15 44 66 80 73 43 81 97 84 19 86 39 26 74 47 99 93 62 98 5 90 20 82 38 89 22 63 100 8 30 14 25 85 27 24 51 58 79 10 54 11 17 72 33 29 21 70 52 9 68 57 3 88 45 7 76 1 36 34 28 59 71 75 13
17 86 48 80 10 50 24 30 95 39 44 77 49 71 18 68 75 78 92 57 79 98 88 97 3 55 25 31 14 69 66 26 87 42 16 21 9 70 82 63 19 20 37 96 11 93 2 12 8 27 28 13 67 83 7 72 89 76 51 40 15 47 84 41 1 35 33 62 91 43 94 32 22 100 38 60 85 53 45 81 52 67 61 59 58 4 36 34 74 56 90 73 99 23 29 46 65 6 54 5
80 13 89 32 53 34 7 78 71 65 94 31 81 59 85 8 25 42 60 45 69 46 18 4 40 19 86 77 98 83 73 22 12 14 23 79 61 90 96 9 92 24 76 82 39 87 6 21 11 56 93 99 43 88 72 64 70 66 54 16 28 57 58 49 100 29 55 91 50 17 84 26 30 27 20 10 48 3 44 51 74 15 47 38 97 62 68 67 37 95 5 41 33 52 36 75 2 1 64 35
3 96 24 88 59 36 42 18 33 16 41 93 75 9 2 62 79 99 68 31 39 22 40 11 20 49 19 4 35 37 95 82 7 29 77 69 27 46 67 13 92 91 76 34 100 98 6 61 17 56 43 65 5 63 1 84 58 64 60 71 44 81 73 78 14 15 53 52 23 12 54 45 97 32 74 63 26 47 89 50 66 30 70 21 72 55 80 86 38 87 85 10 83 8 51 25 48 90 28 57
2 70 33 50 81 13 35 99 44 18 37 61 46 57 91 76 98 4 71 12 86 66 5 11 55 16 38 14 34 68 36 88 6 1 20 51 48 73 83 3 29 45 93 17 75 42 67 47 69 52 59 9 25 78 10 95 85 87 31 26 8 53 40 19 24 90 7 23 60 74 22 94 84 21 89 77 63 64 92 27 100 56 30 62 49 39 65 15 32 96 28 58 54 43 41 80 94 97 72 82
62 14 38 88 50 75 22 93 98 84 70 61 45 80 89 25 41 12 26 16 86 11 72 64 97 35 68 28 77 21 91 33 59 81 99 96 74 32 83 73 2 76 65 36 51 27 23 67 37 49 6 56 1 34 24 48 8 31 82 66 3 78 95 90 47 7 85 10 55 20 30 29 13 57 40 52 92 43 79 63 53 46 4 100 19 58 42 79 9 94 87 71 54 18 60 15 44 69 17 39
23 32 40 85 18 82 29 30 81 65 7 80 69 5 45 48 63 67 59 13 14 66 24 62 41 4 56 78 73 22 26 6 75 31 60 44 83 16 10 84 3 92 50 15 74 98 58 95 11 97 20 61 55 35 8 77 19 96 1 93 94 12 68 34 39 25 46 37 76 2 53 90 87 42 47 36 33 57 64 100 91 99 54 52 70 9 49 88 27 28 86 71 89 5 51 79 17 21 38 72
77 40 38 94 24 48 90 88 93 12 32 46 80 53 21 27 50 35 33 17 43 11 19 62 13 49 60 54 82 10 51 41 92 36 6 64 30 73 76 91 56 18 45 52 81 14 8 37 72 3 97 83 59 31 70 9 68 75 71 99 96 22 69 61 26 23 42 47 55 84 95 16 44 5 2 20 89 57 100 7 65 39 25 1 4 87 34 43 15 74 28 29 98 85 67 86 79 58 63 78
6 99 67 35 24 17 31 36 95 83 8 9 50 53 43 66 46 18 72 94 7 58 27 48 41 63 44 42 30 15 3 62 98 79 49 23 77 54 93 37 33 92 11 16 52 55 80 68 2 57 59 5 96 97 75 73 25 88 10 100 21 39 90 81 34 71 76 20 29 32 19 60 78 61 45 14 87 26 38 40 47 51 66 4 70 74 84 1 56 69 89 65 13 86 82 12 22 85 64 91
96 63 99 91 11 18 87 80 19 1 30 92 60 5 17 39 42 27 22 8 7 64 6 79 54 51 36 59 83 82 74 68 49 53 70 85 24 55 56 3 31 16 4 40 84 28 29 94 88 10 45 76 67 78 15 23 97 48 93 52 21 26 62 9 66 77 2 33 89 95 44 98 75 57 37 20 90 25 35 13 58 50 14 41 32 81 43 38 100 86 73 12 71 34 61 65 46 47 72 69
19 83 16 76 21 58 36 12 89 71 93 80 28 57 51 86 91 84 23 13 87 60 99 34 2 69 29 5 100 65 49 64 85 26 96 37 42 39 43 24 7 27 10 1 40 45 98 48 52 56 32 31 3 97 92 78 79 70 35 41 14 95 59 28 75 20 66 30 47 6 11 50 9 82 53 38 33 63 72 44 46 67 22 55 73 68 54 4 18 90 17 61 8 81 15 25 62 77 74 88
10 1 36 96 12 16 94 74 42 92 100 30 76 66 70 6 18 37 5 86 63 85 51 65 24 40 19 23 55 82 33 45 53 97 60 47 25 84 26 73 49 61 21 89 99 57 28 22 50 62 2 93 4 15 8 17 31 79 87 77 58 39 46 67 32 43 41 78 91 80 90 3 75 54 88 48 35 38 81 69 44 11 29 34 94 56 52 83 14 13 59 27 64 71 68 95 20 9 98 72
7 50 69 57 67 86 15 76 61 42 52 27 88 40 46 98 31 94 26 68 81 55 34 97 25 16 49 80 64 48 2 37 13 47 90 38 17 39 29 65 84 96 60 20 18 72 7 8 28 10 30 53 91 19 43 4 93 36 83 70 41 1 77 44 3 56 82 58 11 24 35 79 12 51 75 14 54 66 92 33 71 5 45 87 99 21 63 23 32 100 89 85 62 22 6 78 59 74 9 73
92 57 73 61 98 94 80 93 45 24 55 91 39 75 6 51 7 43 13 97 81 8 14 99 71 86 59 27 54 78 90 36 40 47 34 16 2 28 87 66 3 79 38 21 18 26 30 67 70 29 5 96 100 42 95 69 64 84 83 65 58 15 46 95 23 53 12 4 85 48 11 20 17 68 9 37 52 63 72 82 77 62 25 89 44 35 49 33 19 32 22 10 74 50 1 88 76 31 41 60
91 56 89 23 5 40 43 10 34 57 24 75 6 70 95 1 84 83 46 8 65 29 81 41 48 87 13 61 52 16 18 63 88 77 67 92 2 62 50 96 11 76 21 86 37 3 100 60 14 22 78 26 9 31 36 74 15 80 98 27 38 85 68 53 17 72 82 35 49 56 33 55 79 90 32 71 25 20 47 45 66 94 7 4 44 42 28 12 64 30 54 58 99 97 51 93 73 59 19 69
92 24 77 89 12 88 57 22 46 26 64 20 51 18 14 30 27 45 59 47 43 60 61 67 66 38 40 10 17 79 52 94 97 86 37 19 33 39 2 4 78 72 32 9 87 82 95 41 69 90 1 34 98 39 54 21 70 68 75 58 23 65 81 5 96 80 6 15 36 28 99 50 42 31 85 11 100 83 8 74 84 16 56 25 63 76 13 62 29 55 3 44 73 49 35 7 53 71 91 93
46 96 3 63 85 70 69 77 58 93 60 23 71 40 22 48 41 53 2 14 24 91 61 17 1 55 97 82 50 35 72 51 15 19 90 45 95 56 62 33 78 26 74 99 67 28 29 73 43 94 37 89 18 100 92 76 39 34 75 79 6 84 81 47 31 21 64 7 66 65 5 57 8 27 30 98 44 80 11 38 87 10 32 68 88 25 9 86 54 52 12 36 42 49 4 13 59 83 16 48
52 89 68 77 44 7 38 8 36 12 53 92 17 41 66 31 29 87 75 93 90 58 80 21 59 99 100 18 72 65 33 34 47 37 45 97 10 9 54 71 48 98 2 94 91 5 23 73 4 26 30 51 13 60 56 39 20 85 70 69 19 79 86 22 28 42 63 6 40 67 25 20 74 32 96 15 62 11 46 43 3 55 50 27 49 81 24 35 84 88 57 16 83 76 1 95 64 78 14 61
73 87 94 100 49 67 36 54 84 88 62 74 59 89 4 48 24 66 19 50 93 8 35 99 21 13 68 2 43 91 17 28 27 32 29 25 45 61 82 58 16 46 5 95 78 51 92 63 15 33 98 38 56 7 40 70 41 22 86 96 60 31 6 85 3 90 83 52 12 80 20 10 18 65 77 34 72 81 11 69 42 1 64 14 97 75 39 44 30 76 9 23 55 47 26 37 57 79 53 71
36 41 71 88 32 9 17 49 83 51 68 100 94 43 35 42 84 29 89 27 50 8 99 2 11 24 26 15 74 76 31 37 48 92 21 52 63 28 62 79 78 40 44 82 86 34 80 46 47 93 38 73 82 77 10 33 16 23 67 65 98 60 85 69 53 95 81 72 6 19 87 12 90 14 18 59 57 70 66 25 1 97 75 5 54 3 64 22 13 39 55 56 30 4 7 20 61 91 58 45
57 95 85 69 23 9 41 86 32 13 75 24 98 37 14 36 19 52 55 42 78 87 6 2 73 76 28 60 91 17 11 88 67 56 77 84 31 82 44 51 58 27 72 10 93 8 20 30 89 61 68 63 46 79 5 38 90 92 97 43 62 12 34 48 99 65 100 66 80 16 83 96 53 81 71 25 29 21 4 39 7 40 64 45 26 50 70 74 47 59 54 15 49 96 18 94 35 22 3 1
96 99 27 39 85 13 3 29 80 35 83 8 41 77 48 84 53 19 82 40 37 55 38 87 67 20 95 2 81 90 94 16 31 71 23 74 75 57 91 92 68 32 24 44 79 72 66 62 36 73 10 43 50 12 98 89 30 51 45 7 46 33 33 15 64 22 11 21 63 28 14 4 69 56 70 97 52 54 18 76 6 5 1 58 78 47 49 93 26 65 59 9 61 100 88 34 86 42 25 17
71 44 36 91 83 89 4 38 33 82 68 70 45 88 54 46 81 23 63 53 69 98 6 73 35 9 62 39 37 32 58 19 11 50 94 90 87 60 84 56 5 20 34 55 65 14 75 79 31 67 78 51 61 59 3 52 41 10 15 95 40 8 25 74 22 93 66 26 72 12 16 27 28 42 64 86 85 30 13 24 7 43 47 57 76 77 80 21 48 92 96 17 100 29 97 49 99 2 60 1
73 92 31 40 17 13 30 20 59 96 64 46 55 81 66 89 91 80 1 21 32 76 26 4 99 85 74 68 22 82 24 18 78 93 3 18 23 84 86 11 44 33 67 62 48 56 38 25 100 79 27 53 65 88 36 75 70 5 12 8 2 10 58 50 35 63 39 49 90 83 52 94 45 57 14 28 72 42 34 37 61 16 29 15 95 97 7 98 60 77 9 54 41 47 69 51 71 19 43 6
71 72 5 63 4 30 16 28 33 7 45 86 85 78 89 59 20 10 60 36 64 69 51 26 40 83 3 58 99 44 42 24 91 52 68 38 31 17 97 6 39 18 76 75 62 35 100 79 90 48 54 27 34 66 47 80 22 29 61 37 32 70 57 25 23 93 19 81 50 73 8 92 88 21 41 74 65 9 12 53 2 67 87 84 11 49 55 77 46 15 56 87 82 94 13 98 14 43 96 1
85 80 96 41 99 50 61 53 39 49 17 93 24 29 27 34 86 78 64 21 74 97 91 82 28 25 51 92 67 2 60 83 33 35 40 98 84 1 6 48 31 5 19 95 66 100 11 45 7 30 20 72 18 59 89 38 23 14 13 81 52 26 3 79 57 32 87 4 37 42 70 62 12 36 47 8 94 58 75 9 55 77 44 90 46 54 68 22 71 76 15 63 73 56 43 16 10 65 69 88
59 44 9 37 69 61 86 60 46 66 32 57 11 21 88 80 49 65 30 54 40 72 24 56 90 25 92 27 81 16 94 68 71 51 41 34 14 100 1 74 95 6 31 95 29 8 97 5 83 48 35 3 55 28 82 96 79 89 62 84 87 23 15 50 10 99 18 22 19 17 38 43 63 58 52 4 45 2 7 53 13 85 73 75 91 98 12 76 42 33 77 36 78 20 26 70 39 67 64 93
91 9 71 79 34 7 10 16 49 72 2 22 59 38 96 53 28 35 66 15 98 4 92 46 85 90 76 81 37 13 100 41 95 47 42 31 12 69 3 80 50 5 8 52 19 65 63 64 68 87 36 17 30 24 56 62 40 75 29 27 14 45 89 25 97 32 61 44 86 20 26 48 77 82 93 58 43 78 99 57 39 54 11 83 70 84 6 33 18 94 47 1 51 60 67 88 21 73 55 23
73 17 61 68 89 27 7 100 67 53 76 48 46 71 58 87 62 91 41 88 18 93 74 45 34 72 49 13 52 85 56 40 25 30 66 23 57 97 95 21 99 12 50 94 74 47 24 96 32 79 16 86 70 6 19 43 22 63 77 4 83 98 51 39 64 82 60 5 33 44 92 28 42 54 1 81 2 38 80 15 10 69 26 90 3 31 75 29 37 11 20 36 65 14 8 59 84 35 9 78
45 57 20 21 89 26 97 99 42 9 87 85 34 37 79 60 90 69 11 41 22 6 8 1 19 81 30 83 40 66 96 80 14 46 5 51 56 44 100 68 7 59 61 27 52 88 67 84 3 95 43 62 2 23 31 91 12 76 29 50 55 36 48 18 73 64 74 25 75 39 93 38 47 58 72 4 10 53 33 70 35 28 49 98 16 17 24 77 78 63 71 15 32 65 92 54 13 82 94 55
83 51 1 34 88 18 32 52 96 9 57 4 12 67 46 45 2 16 55 21 25 64 24 33 100 5 26 95 30 71 73 70 78 3 87 41 13 60 79 92 22 86 77 49 86 17 65 43 38 7 91 56 23 48 74 66 89 81 99 40 6 29 80 58 39 14 85 98 28 11 90 94 47 82 93 37 62 68 76 53 15 27 59 8 61 84 44 36 35 20 63 31 10 50 54 19 69 72 42 97
25 66 69 11 60 87 62 34 47 90 58 83 86 70 80 93 7 33 94 45 67 54 61 16 51 22 59 49 46 74 82 71 85 56 76 19 40 97 79 29 21 28 50 15 89 52 23 1 73 57 42 17 13 24 32 84 44 77 78 92 10 4 6 91 100 31 12 55 72 36 5 96 37 39 18 81 27 14 26 75 68 20 48 53 2 30 75 65 41 43 3 8 88 99 98 38 35 63 64 9
56 25 46 20 88 60 81 90 61 43 50 10 39 8 75 30 26 91 24 97 5 79 89 48 72 84 54 42 96 3 70 94 38 63 34 36 9 62 59 66 57 35 73 93 71 18 2 51 31 53 16 68 69 86 95 13 77 33 15 74 19 58 47 29 76 67 22 45 32 82 12 17 41 52 55 37 4 7 49 21 14 85 100 65 92 11 83 80 99 87 98 44 1 78 6 28 40 27 23 64
87 90 78 94 26 7 76 73 37 93 88 95 92 66 60 47 61 8 55 83 79 33 21 16 95 85 6 28 23 57 12 96 97 15 68 9 14 13 46 99 32 25 53 69 19 50 71 4 54 36 70 51 74 41 27 52 24 3 20 2 1 80 62 43 5 58 75 39 63 48 35 34 77 100 67 29 84 44 22 59 10 40 49 64 89 86 17 42 91 65 56 38 11 30 72 18 98 45 82 81
91 81 49 62 19 56 89 64 39 76 13 58 94 24 30 2 70 7 9 93 61 66 43 20 71 15 90 22 3 11 96 51 10 34 23 60 26 88 1 18 14 16 42 67 53 31 31 83 65 44 82 59 72 50 27 29 32 6 74 8 52 38 86 85 97 17 28 5 100 33 87 75 21 54 84 69 57 47 40 73 63 98 12 80 68 37 46 36 92 45 48 4 55 35 25 95 41 79 78 99
27 21 35 37 81 75 84 4 91 17 22 50 60 93 3 57 33 38 13 46 53 65 54 92 90 51 12 89 10 44 80 74 31 77 55 34 88 99 9 62 43 16 15 49 20 32 71 47 69 45 83 66 7 52 70 42 67 63 40 58 72 68 36 28 5 85 86 64 87 94 8 30 48 95 18 73 29 19 100 24 78 1 23 82 96 6 77 79 98 76 97 56 26 2 39 59 11 61 25 14
10 62 84 98 77 33 31 61 100 60 43 97 89 65 85 99 40 18 73 16 59 28 12 94 13 74 88 22 45 70 32 46 69 17 83 56 68 36 23 1 64 66 87 15 35 55 92 67 9 49 29 91 37 82 38 39 81 26 93 76 34 75 6 51 78 27 44 72 79 47 41 24 50 96 41 19 7 58 71 57 11 2 5 63 52 95 48 4 53 86 80 42 14 3 90 21 30 54 8 25
